i0249.png 2.69309 0.856258 2.76236 -0.410587 0.0942885 0.882786 -0.207885
i0702.png -4.21714 0.0471928 1.51274 -0.239939 0.0296814 0.968024 -0.0669213
i0196.png 3.10117 0.100427 1.11472 0.934803 -0.0482549 -0.342459 0.0808517
i0487.png 0.618267 0.297967 3.61102 0.997192 0.0357358 0.051982 0.0403508
i0485.png -0.282903 0.335291 3.62739 0.995873 0.0257989 -0.064064 0.0588754
i0741.png -2.74478 0.212001 1.29737 -0.450198 0.0441478 0.884615 -0.113263
i0899.png -2.86954 0.0280328 1.81846 0.902648 0.064493 0.425506 0.00343117
i0600.png -6.23948 -1.25183 -32.389 0.952511 0.040331 -0.29309 0.0720652
i0322.png 2.09611 0.892264 1.9573 0.00782734 0.0409291 0.962773 -0.26708
i0667.png 3.16294 0.623053 1.18358 0.988234 -0.0896804 0.117295 0.0399158
i0805.png -2.33636 0.214622 0.504382 0.858119 -0.0408801 -0.502737 0.0960048
i0335.png 3.23677 -0.0254827 0.0371951 -0.257675 0.0195861 0.963887 -0.0643634
i0073.png -0.792957 1.20502 2.9578 0.192701 0.100173 0.946046 -0.240475
i0924.png -2.01948 0.104906 2.63384 0.829396 0.0589909 0.555381 -0.0131866
i0689.png 2.19928 0.173928 -3.28964 0.671883 0.030106 -0.737721 0.0586061
i0406.png 2.8487 -0.00686073 1.39298 0.203503 0.0555387 0.975022 -0.0695238
i0908.png -3.13944 -0.386556 -0.914838 0.987323 -0.153402 -0.000678517 0.0407564
i0892.png 0.822823 -0.0132898 3.14409 0.47714 0.0978316 0.870003 -0.0765546
i0171.png 3.58169 -0.293346 1.26802 0.982107 0.101762 -0.156845 0.0225696
i0780.png -1.4049 -0.097199 3.32975 0.959385 0.0700503 -0.267604 0.0553234
i0343.png 1.54967 -0.0397517 -3.12013 0.665981 0.0169918 -0.741659 0.0782414
i0912.png -3.25408 -0.221981 -0.645823 0.983823 -0.168736 0.0563266 0.0211543
i0241.png 4.10385 0.144538 0.259739 0.75941 -0.0616063 -0.630119 0.149838
i0677.png 3.45175 0.125462 1.44257 0.994934 0.0773583 0.00509033 0.064001
i0768.png -3.0262 -0.205524 -1.89745 -0.333709 -0.00180097 0.937768 -0.0960548
i0174.png 3.76163 -0.167038 0.54818 0.993439 0.0891209 -0.0662071 0.0274252
i0353.png -3.34996 -0.26249 -1.38526 0.996223 -0.0258909 -0.0565616 0.0605814
i0717.png -0.728877 0.456182 3.97489 0.652852 -0.0246618 -0.748311 0.114921
i0469.png -2.62087 -0.611679 -2.25876 -0.394343 0.0619376 0.893627 -0.205154
i0266.png -1.75024 0.375397 3.30926 0.227078 0.0539127 0.966357 -0.108092
i0472.png -3.47976 -0.233045 -0.892025 0.597546 -0.0706994 -0.77613 0.188579
i0123.png -3.26761 0.0410721 -0.775744 0.296226 0.0697303 0.949254 -0.079407
i0120.png -3.15911 -0.0446858 -0.71709 0.321728 0.0534633 0.940216 -0.0981176
i0547.png -0.141908 0.448823 3.24406 0.998774 0.0050425 -0.0356576 0.0339738
i0166.png 2.78245 -0.238538 2.60748 0.933226 0.0832884 -0.3465 0.045704
i0603.png -15.8466 -1.19553 -28.9311 0.987675 0.0400214 -0.143151 0.0490229
i0666.png 3.1912 0.548278 1.0708 0.984204 -0.100015 0.144768 0.0195299
i0884.png 1.68202 -0.0479463 2.68592 0.325413 0.0759143 0.939459 -0.0758946
i0627.png 2.68257 -0.193579 -2.42941 0.466898 0.11378 0.875072 -0.0575344
i0085.png -2.88606 0.0467504 0.547864 0.576506 0.0212868 0.810149 -0.104149
i0190.png 3.41179 -0.131101 0.991388 0.973521 -0.0507318 -0.219326 0.0397444
i0180.png 3.76081 -0.124453 -0.250325 0.998173 -0.02159 0.0511984 0.0237353
i0797.png -1.38035 0.755316 2.41461 0.970527 -0.0854409 -0.207847 0.0870436
i0425.png 2.43371 0.107262 0.637456 0.369646 0.0318309 0.903368 -0.215114
i0733.png -0.968708 0.134517 3.19888 0.693514 -0.010609 -0.714749 0.0897782
i0817.png -1.29195 -0.098311 1.92555 0.992318 0.120986 -0.0213142 0.0145888
i0367.png 0.894487 0.405946 3.2232 0.552077 0.0515495 0.826068 -0.100827
i0042.png 0.900025 1.26952 3.57797 -0.209152 0.0670434 0.947656 -0.231753
i0784.png -0.0293751 -0.192718 3.44503 0.992439 0.0951019 -0.0592065 0.0501522
i0410.png 2.68467 -0.197255 1.5688 0.262507 0.0794854 0.960409 -0.0488466
i0138.png -3.84975 0.0334839 0.942654 -0.0898386 0.0374402 0.989452 -0.107297
i0893.png 0.195394 0.131878 3.41275 0.565169 0.0775283 0.818034 -0.0734378
i0167.png 2.86672 -0.325766 2.50632 0.937523 0.0976779 -0.33179 0.037754
i0557.png 1.62876 0.249887 2.86708 0.972304 0.0350132 0.231015 -0.00549811
i0550.png 0.306234 0.418406 3.25767 0.999147 0.0116088 0.0305129 0.0252899
i0847.png -2.37955 -0.0222843 -0.906256 0.982773 -0.0432376 -0.175713 0.0375961
i0107.png -2.8603 -0.220303 -0.573846 0.466554 -0.00871154 0.870167 -0.158305
i0514.png 1.53794 -0.851052 3.18341 0.964997 0.203834 0.157719 0.0485529
i0428.png 2.00141 0.347288 1.50092 0.541711 0.00991151 0.826691 -0.151765
i0010.png -1.23768 0.173884 4.04784 0.0527496 0.0476172 0.994179 -0.0809881
i0475.png -3.5366 0.280796 0.737119 0.767148 -0.0471049 -0.629501 0.113989
i0769.png -3.22132 -0.153262 -1.63267 -0.386197 0.00053699 0.917687 -0.093284
i0705.png -2.36989 -0.203665 3.72671 0.533996 0.0168861 -0.843703 0.052239
i0176.png 3.79464 -0.087161 0.142553 0.998127 0.0505043 -0.0165071 0.0303315
i0513.png 1.81962 -0.790677 3.05355 0.958162 0.199082 0.200406 0.0461331
i0919.png -2.95926 0.16995 1.49969 0.932211 0.0228037 0.361141 -0.00634233
i0408.png 2.7725 -0.0574982 1.51835 0.23675 0.0612733 0.967564 -0.0633564
i0209.png 2.32126 0.491198 2.3894 0.722735 -0.00675147 -0.67484 0.148996
i0204.png 2.74066 0.539132 1.58908 0.837168 -0.0725204 -0.520246 0.152427
i0154.png 0.256444 1.13607 3.64007 0.74149 -0.0788064 -0.639803 0.186104
i0918.png -3.12884 0.153735 1.11711 0.95294 0.0157094 0.302748 -0.00179674
i0782.png -17.7771 1.00405 -27.785 0.988077 0.0909447 -0.111003 0.0557733
i0187.png 3.65337 -0.160515 0.855477 0.98734 -0.0804989 -0.134957 0.0216142
i0592.png -2.15017 0.157902 2.40752 0.915662 0.0160825 -0.389175 0.0992361
i0877.png 0.250496 0.448086 3.20796 0.544884 0.0428355 0.828628 -0.121003
i0305.png 3.15856 -0.0676643 -0.446208 0.650721 0.0324007 -0.758298 0.0222858
i0658.png 3.3388 0.0368679 0.169341 0.919881 -0.0695701 0.381233 -0.0603415
i0762.png -1.81963 -0.0239326 -2.76197 -0.0676376 0.0383786 0.994415 -0.0713512
i0389.png -0.536849 0.822297 2.86819 0.744211 0.00389248 0.654934 -0.131135
i0403.png 2.95586 0.0210407 1.15587 0.153776 0.0546512 0.981729 -0.0978434
i0636.png 3.38046 -0.219377 0.841172 0.846064 0.107289 0.521901 -0.0168413
i0814.png -2.01958 -0.179421 1.24999 0.94732 0.125197 -0.291905 0.0412682
i0152.png -0.651621 1.28363 3.63768 0.650877 -0.0931255 -0.722151 0.214906
i0715.png 0.433097 -0.203338 4.18744 0.751765 0.0278595 -0.657303 0.045005
i0267.png -1.83507 0.354456 3.27251 0.240457 0.0602657 0.963266 -0.103279
i0819.png -0.754944 -0.0126161 2.21029 0.9839 0.0931558 0.151144 0.020429
i0766.png -2.72581 0.0797376 -2.18213 -0.259796 0.0255904 0.963447 -0.0601692
i0896.png -1.68233 0.19625 2.82956 0.777574 0.0574929 0.62457 -0.0445503
i0736.png -1.9539 0.329876 2.49936 0.590274 -0.0465125 -0.798989 0.105021
i0881.png 0.507692 0.414556 3.00653 0.507797 0.0322205 0.854107 -0.107727
i0091.png -2.81288 -0.056974 0.686418 0.485896 0.00248238 0.86754 -0.106178
i0284.png 2.03193 0.682755 2.78927 -0.279916 0.0533331 0.940438 -0.185414
i0317.png 2.55733 0.570571 1.35523 -0.199078 0.0367943 0.95625 -0.211187
i0533.png -2.46118 0.268813 2.44183 0.915002 0.00444904 -0.393057 0.0908668
i0346.png -0.0122058 -0.326083 -3.52568 0.806336 -0.000483982 -0.581865 0.106088
i0833.png -1.52187 0.154718 1.78202 0.983368 0.0698177 0.167671 0.000389711
i0378.png -1.82348 -0.244032 2.4671 0.858305 0.0964577 0.503064 0.0305591
i0855.png -2.70531 0.081398 0.273018 0.987466 0.0658579 0.143346 0.00498246
i0028.png -3.05147 1.26413 2.17638 0.310064 0.00780813 0.91283 -0.265595
i0691.png 1.27048 0.137114 -3.81008 0.75993 0.0275126 -0.647545 0.0493421
i0422.png 2.65829 -0.14726 0.123629 0.200318 0.0505868 0.950916 -0.230375
i0641.png 3.16348 -0.00214365 1.32376 0.908374 0.06086 0.413633 -0.00773811
i0157.png 1.25373 0.774896 3.50111 0.82686 -0.0430275 -0.542499 0.141933
i0093.png -2.80041 -0.0772486 0.547201 0.485548 -0.00471819 0.86666 -0.114551
i0478.png -2.78348 0.169046 2.38091 0.898461 0.0153752 -0.430384 0.085444
i0883.png 1.31858 0.0650071 2.86425 0.386477 0.0585136 0.917477 -0.073805
i0375.png -0.662584 -0.272525 2.97296 0.740792 0.103134 0.663688 0.0104846
i0828.png -0.354189 0.425896 2.3097 0.930144 0.0212851 0.365413 -0.029194
i0128.png -3.44482 0.0471102 -0.76635 0.247401 0.0722164 0.965508 -0.0370345
i0853.png -2.67626 0.0141236 -0.0694173 0.996624 0.0517386 0.0593492 0.023277
i0655.png 3.33592 -0.297165 -0.245655 0.872276 -0.0559038 0.472897 -0.111255
i0051.png 2.89722 0.289186 2.58951 -0.46699 0.0261543 0.874442 -0.12879
i0608.png 1.27508 0.308041 3.27735 0.992602 0.0263536 0.118411 0.00499236
i0459.png -0.206131 -0.504209 -2.8647 -0.0882097 0.0729527 0.981884 -0.150998
i0095.png -2.81154 -0.0375974 0.335812 0.49004 -0.0196318 0.856848 -0.159018
i0384.png -2.45653 0.188499 1.7907 0.932917 -0.00213564 0.360077 0.00238901
i0943.png 0.950452 -0.408822 3.13707 0.484199 0.107341 0.868325 0.00640338
i0392.png 0.941282 0.821911 2.77268 0.56392 0.00818317 0.808496 -0.16811
i0891.png 1.35243 -0.0398229 2.96026 0.399563 0.0966888 0.907272 -0.0886483
i0616.png 3.39702 -0.129538 1.22161 0.851065 0.0830676 0.517462 -0.0319481
i0132.png -3.65453 0.0208321 -0.574144 0.181856 0.0643126 0.980151 -0.0457843
i0602.png -12.8086 -1.04534 -30.404 0.978738 0.0421023 -0.193403 0.0538025
i0277.png -1.1892 -0.236646 3.58686 0.156076 0.026175 0.98672 -0.0365962
i0380.png -2.26308 -0.17748 2.09368 0.904486 0.0874992 0.416143 0.0327838
i0458.png -0.19065 -0.512782 -2.79546 -0.0946438 0.0683504 0.980954 -0.155239
i0629.png 3.04483 -0.112798 -1.92329 0.538559 0.122984 0.832898 -0.0333159
i0923.png -2.23319 0.0938696 2.46157 0.851681 0.0534096 0.521281 -0.00730673
i0576.png 0.390428 -0.716405 3.08739 0.98262 0.181651 0.0186523 0.0333478
i0831.png -1.0343 0.178795 2.13785 0.961073 0.0454752 0.272032 0.0164402
i0684.png 3.75269 0.189178 -1.55146 0.936614 0.10495 0.331774 0.0408173
i0184.png 3.72208 -0.123836 0.112502 0.997979 -0.0551084 -0.0124754 0.0290904
i0195.png 3.17847 -0.0244008 1.05192 0.947498 -0.0490567 -0.310329 0.0594661
i0449.png 1.02905 -0.250719 -1.96406 0.0929888 0.054004 0.986248 -0.125508
i0656.png 3.33216 -0.294654 -0.081142 0.891125 -0.0506797 0.437334 -0.10985
i0383.png -2.47619 0.0395315 1.82825 0.932869 0.0181298 0.359136 0.0211505
i0558.png 1.7788 0.241785 2.77146 0.966009 0.0355884 0.255911 -0.00835628
i0830.png -0.652167 0.306716 2.28803 0.940275 0.0361101 0.338219 -0.0137025
i0227.png 2.83894 0.117164 2.23764 0.617767 0.0336726 -0.780097 0.0931565
i0438.png 1.37648 0.161271 1.67558 0.783738 0.0523446 0.615827 -0.0614161
i0207.png 2.49242 0.657301 2.1619 0.768291 -0.0482279 -0.614358 0.173112
i0385.png -2.21893 0.381484 2.02626 0.911135 -0.0154168 0.410998 -0.0259973
i0452.png 0.41717 -0.200266 -2.38001 -0.0276267 0.0446368 0.992552 -0.109931
i0217.png 1.85374 0.238079 2.78615 0.567383 0.0470245 -0.813466 0.118904
i0108.png -2.86921 -0.1509 -0.63664 0.463286 0.00983997 0.87315 -0.151256
i0869.png -0.964178 0.0953477 2.73055 0.694256 0.0812398 0.713111 -0.0536824
i0032.png -1.90158 1.99377 2.63413 0.141861 0.0432736 0.929392 -0.337985
i0025.png -3.33058 0.740026 2.17524 0.354291 0.0111285 0.916411 -0.185862
i0222.png 1.85766 0.25802 2.92598 0.517365 0.0348098 -0.846736 0.118999
i0436.png 1.43479 0.296547 1.82922 0.767878 0.0213543 0.635163 -0.0804672
i0460.png -0.177547 -0.709274 -2.89214 -0.0704309 0.0615658 0.979069 -0.180759
i0649.png 3.35056 -0.0809535 -0.389024 0.826732 0.0159606 0.559951 -0.0521036
i0553.png 0.835854 0.363998 3.17653 0.993799 0.0203102 0.108407 0.0141034
i0156.png 1.00009 0.935133 3.55785 0.806042 -0.0574659 -0.567028 0.159605
i0016.png -2.73455 0.10811 3.20815 0.249256 0.050814 0.964787 -0.0668982
i0059.png 3.28427 0.0597237 1.79705 0.512577 -0.0526503 -0.848194 0.122715
i0131.png -3.59176 0.0702079 -0.705251 0.208752 0.0734246 0.974116 -0.0461356
i0327.png 1.91233 0.767215 2.35568 0.115591 0.0319573 0.968887 -0.216509
i0036.png -0.837338 2.07467 3.39336 -0.0108313 0.0559692 0.940946 -0.333724
i0395.png 2.02083 0.485151 2.33332 0.387218 0.0411552 0.904466 -0.174095
i0381.png -2.39943 -0.125893 1.92652 0.920726 0.0749525 0.381723 0.0305632
i0411.png 2.60804 -0.0959481 1.60962 0.284929 0.0737429 0.951601 -0.0885061
i0927.png -1.32993 0.0664325 3.04413 0.756752 0.0697376 0.649663 -0.0200518
i0596.png -2.08075 -4.03167 -32.6952 0.932933 -0.00674374 -0.350288 0.0829946
i0756.png -2.20109 -0.162132 -2.09156 -0.116407 0.0528433 0.984444 -0.120528
i0224.png 2.11775 0.189283 2.81789 0.538267 0.0152656 -0.835731 0.107652
i0203.png 2.80852 0.53155 1.4043 0.854603 -0.0641083 -0.492359 0.152072
i0355.png -3.60826 -0.0420495 -0.235832 0.991174 -0.08123 0.103136 0.0184309
i0822.png -0.392141 0.172407 2.27377 0.960206 0.0663584 0.27128 -0.0027522
i0857.png -2.60989 -0.0123379 0.937962 0.957651 0.0631039 0.280796 0.00877077
i0695.png -2.74065 0.17403 -3.40392 0.34607 0.0688765 0.9353 -0.0265698
i0792.png 0.480538 0.494643 3.1759 0.996896 0.000674352 0.0600553 0.0509016
i0617.png 3.49934 -0.199355 0.93256 0.826609 0.090723 0.554046 -0.0389796
i0517.png 0.601694 -0.952781 3.41807 0.977095 0.206441 0.0242783 0.0455753
i0497.png 3.01848 0.448987 1.99585 0.905476 -0.0302518 0.41772 -0.0686136
i0253.png 1.05984 1.05323 3.6783 -0.182172 0.0591357 0.96024 -0.203116
i0191.png 3.34938 -0.102238 0.962226 0.969926 -0.0312118 -0.237118 0.0452065
i0670.png 3.24453 0.378113 1.32803 0.995539 -0.00213228 0.0771486 0.0542753
i0202.png 2.79864 0.46632 1.45577 0.86285 -0.0448478 -0.483734 0.139571
i0633.png 3.60811 -0.152604 0.317963 0.775138 0.128721 0.618533 0.00302235
i0844.png -2.38007 -0.0976203 -0.77021 0.979984 -0.0216283 -0.187015 0.0647222
i0018.png -3.11956 0.110465 2.81294 0.310943 0.0521518 0.946799 -0.064552
i0242.png 4.10832 0.281722 0.410217 0.74186 -0.0727425 -0.642697 0.1769
i0308.png 3.04681 -0.0724783 0.30747 0.510421 0.0103119 -0.859015 0.038166
i0081.png -2.8847 0.323948 0.452101 0.612591 0.00468243 0.773483 -0.162586
i0605.png -21.9597 -1.00744 -24.6232 0.997822 0.043885 -0.0306493 0.0385374
i0080.png -2.85498 0.395113 0.558113 0.601102 -0.00482154 0.779357 -0.176791
i0866.png -1.53799 0.0256487 2.43734 0.769407 0.124382 0.624802 -0.0465238
i0620.png 3.63864 -0.247396 -0.0668284 0.742107 0.102579 0.660816 -0.0455705
i0595.png -2.13089 0.299446 2.41585 0.920908 -0.00219563 -0.379876 0.0872811
i0269.png -2.11355 0.275349 3.12044 0.282364 0.063117 0.952937 -0.0905455
i0302.png 2.97145 0.15388 -1.29858 0.772311 0.0613031 -0.62993 0.0544573
i0440.png 1.86009 0.1417 0.92157 0.690199 0.0431759 0.715817 -0.0967842
i0920.png -2.79641 0.149444 1.78583 0.913116 0.0320541 0.406399 -0.00568431
i0698.png -3.89092 -0.0331786 -2.04204 0.152774 0.0417756 0.985896 -0.0540821
i0591.png -2.10297 0.141989 2.44378 0.919697 0.0207709 -0.380063 0.0963237
i0880.png 0.225349 0.591467 3.03373 0.547275 0.0176926 0.827189 -0.126232
i0835.png -2.03892 -0.00725681 1.06065 0.99457 0.074378 0.0571831 0.0450314
i0035.png -1.13633 2.13849 3.28533 0.0289912 0.0577363 0.937469 -0.342019
i0507.png 2.74091 -0.179146 2.31888 0.919871 0.12142 0.37164 0.031281
i0528.png -2.51773 -0.175552 2.47597 0.905998 0.0838473 -0.411424 0.0535437
i0012.png -1.76779 0.134029 3.84227 0.117381 0.0505423 0.989054 -0.0737498
i0285.png 2.00264 0.852905 2.81327 -0.269022 0.0693341 0.936172 -0.215413
i0515.png 1.23486 -0.910767 3.28345 0.970505 0.207595 0.113441 0.0464247
i0531.png -2.51957 0.120277 2.44305 0.910639 0.0303552 -0.403743 0.0824986
i0701.png -4.3658 0.0680718 0.562145 -0.154957 0.0368018 0.98492 -0.0675786
i0535.png -2.36936 0.341542 2.40944 0.920091 -0.00977873 -0.37978 0.0954211
i0597.png -4.28082 -3.63499 -32.527 0.943942 0.00446071 -0.318548 0.0864885
i0734.png -1.25438 0.183928 3.0595 0.667936 -0.0192045 -0.738765 0.0878541
i0421.png 2.694 -0.208751 0.046 0.165594 0.0640417 0.961304 -0.210646
i0286.png 2.30495 0.77278 2.64846 -0.315334 0.0849524 0.920007 -0.216644
i0840.png -2.41689 0.079089 -0.188788 0.988051 0.0621177 -0.136488 0.0355988
i0256.png 0.0340613 0.954217 3.73746 -0.030736 0.0607962 0.980213 -0.185854
i0930.png -0.75582 -0.00472684 3.23174 0.69439 0.0794733 0.714878 -0.0213676
i0393.png 1.30873 0.743763 2.67365 0.511107 0.0147151 0.842337 -0.170358
i0201.png 2.82238 0.492831 1.432 0.874164 -0.0395908 -0.46228 0.143409
i0424.png 2.55311 -0.02233 0.421686 0.294359 0.0457062 0.928389 -0.222167
i0580.png -0.945405 -0.54211 2.97003 0.970081 0.14762 -0.189036 0.0376269
i0043.png 1.26003 1.05263 3.53768 -0.253981 0.0644927 0.942329 -0.208209
i0827.png -0.366701 0.502992 2.27201 0.936577 0.00369121 0.349128 -0.030321
i0499.png 3.04211 0.523737 1.82565 0.898548 -0.0349235 0.433764 -0.0569299
i0776.png -3.04989 -0.0752554 2.10455 0.829996 0.033721 -0.547373 0.10175
i0755.png -2.28858 -0.182273 -1.91558 -0.132201 0.0482907 0.981645 -0.128699
i0650.png 3.30455 -0.209081 -0.651784 0.80711 0.0248547 0.586145 -0.0662544
i0417.png 2.84114 -0.146995 0.503389 0.160337 0.0638859 0.969539 -0.173796
i0911.png -3.22404 -0.281803 -0.762722 0.982798 -0.176397 0.0478708 0.026477
i0331.png 2.4259 0.376606 1.91253 0.0314802 0.0247855 0.98851 -0.14575
i0373.png 0.0480505 -0.0789797 3.28177 0.660619 0.0903354 0.744903 -0.0232691
i0377.png -1.4543 -0.270905 2.67843 0.819881 0.104896 0.56237 0.0230916
i0175.png 3.78583 -0.128373 0.318559 0.996406 0.0703077 -0.0381291 0.0278971
i0029.png -2.84046 1.50048 2.24342 0.277209 0.00883649 0.913757 -0.29686
i0692.png 0.819398 0.128582 -3.96358 0.794516 0.0311278 -0.603996 0.0544523
i0246.png 3.63007 0.544308 2.13143 0.55573 -0.102937 -0.802004 0.193284
i0799.png -1.91855 0.553121 1.87331 0.935238 -0.0887223 -0.320432 0.121581
i0800.png -2.05118 0.588407 1.66581 0.919842 -0.0994623 -0.36345 0.109096
i0846.png -2.3731 -0.0316742 -0.872901 0.98165 -0.0451674 -0.180613 0.0412472
i0033.png -1.63486 2.13818 3.00732 0.100753 0.0561661 0.932215 -0.34303
i0307.png 3.11064 -0.0349421 0.0937842 0.555344 0.0248604 -0.830427 0.0369601
i0432.png 1.57906 0.362776 1.72137 0.696796 0.00919691 0.709687 -0.103611
i0252.png 1.56337 1.01483 3.52213 -0.253859 0.0673955 0.943313 -0.202913
i0446.png 1.80033 -0.146975 -1.14929 0.305861 0.0631657 0.944567 -0.101251
i0394.png 1.68987 0.594525 2.55535 0.447763 0.0303282 0.877336 -0.169909
i0453.png 0.301383 -0.243283 -2.4807 -0.0434906 0.0418583 0.991582 -0.114547
i0774.png -3.48142 -0.0733994 1.24888 0.747481 0.0213778 -0.656368 0.0999809
i0868.png -1.12349 0.0667479 2.66689 0.714629 0.0921118 0.691591 -0.050231
i0790.png 1.18047 0.225099 3.02755 0.986184 0.0437768 0.158091 0.0230649
i0188.png 3.58447 -0.196173 1.03125 0.982061 -0.0631534 -0.176561 0.0198634
i0239.png 4.06537 0.140215 -0.0813843 0.792989 -0.0244931 -0.594361 0.131539
i0791.png 0.819347 0.284129 3.12639 0.99322 0.0345661 0.105966 0.0330294
i0860.png -2.32879 -0.126527 1.63715 0.902709 0.0804402 0.422531 0.0106821
i0282.png 2.02319 0.154887 3.03949 -0.279625 0.0215344 0.954818 -0.0983315
i0865.png -1.76783 -0.00244497 2.25668 0.801192 0.139348 0.580505 -0.0410841
i0372.png 0.340726 0.0852054 3.37457 0.630263 0.0749207 0.771221 -0.0487204
i0646.png 3.25891 0.22044 0.877633 0.904027 0.00296886 0.427245 -0.0137579
i0341.png 2.31714 0.0211288 -2.47808 0.568281 0.0196294 -0.817438 0.0920132
i0876.png 0.244341 0.374281 3.20554 0.544657 0.050709 0.82952 -0.112582
i0939.png 0.659301 -0.291486 3.22281 0.525013 0.100773 0.845083 -0.00638382
i0841.png -2.41117 0.0181175 -0.434277 0.984585 0.0327979 -0.164714 0.048849
i0414.png 2.77863 -0.0238845 1.00861 0.206705 0.0609828 0.965283 -0.147589
i0130.png -3.51485 0.0613326 -0.859909 0.23721 0.0744556 0.967849 -0.0381628
i0915.png -3.33279 0.00407368 -0.0531853 0.989211 -0.0677621 0.129287 0.0124222
i0140.png -3.58922 -0.0724977 1.78587 -0.195055 0.000782784 0.970833 -0.139413
i0587.png -1.66717 0.00270137 2.72138 0.948021 0.0543979 -0.305052 0.0723946
i0114.png -2.98698 -0.205137 -0.64483 0.387407 0.0181801 0.914549 -0.114826
i0640.png 3.28352 -0.0432967 1.04267 0.884829 0.0609564 0.461532 -0.0187176
i0362.png -0.392969 0.455082 3.46347 0.686211 0.0376498 0.722932 -0.0711741
i0795.png -0.706709 0.654726 2.84559 0.991877 -0.0456836 -0.102848 0.0592896
i0556.png 1.4945 0.26734 2.93522 0.977302 0.0328525 0.209276 -0.00245457
i0738.png -2.29315 0.304289 2.14008 0.547089 -0.0461955 -0.82945 0.10282
i0339.png 2.7262 0.138729 -1.91996 -0.498167 -0.0266228 0.863208 -0.0774113
i0299.png 3.08348 0.069503 -1.28135 0.7745 0.0463444 -0.628183 0.0582107
i0265.png -1.58602 0.444454 3.37745 0.201809 0.0538541 0.970818 -0.117837
i0280.png 1.37301 -0.304366 3.4403 -0.188133 0.0315317 0.980996 -0.0354801
i0942.png 0.964664 -0.371944 3.14583 0.483435 0.102686 0.869331 0.00313125
i0086.png -2.90089 0.149125 0.493724 0.574721 0.0518853 0.810629 -0.0994185
i0255.png 0.265883 1.07348 3.71923 -0.0619049 0.0719445 0.97463 -0.2027
i0781.png -0.869502 -0.148511 3.47725 0.977272 0.0809262 -0.188265 0.0542809
i0300.png 3.00541 0.0687064 -1.36904 0.781455 0.0476192 -0.619801 0.0539141
i0537.png -2.0087 0.439972 2.68262 0.942994 -0.0152983 -0.322138 0.0821923
i0879.png 0.190007 0.613257 3.18232 0.552416 0.0133693 0.823361 -0.129365
i0214.png 2.03393 0.258854 2.63372 0.624793 0.0302312 -0.771054 0.119142
i0823.png -0.349922 0.273689 2.26369 0.95385 0.0465964 0.296537 -0.00806717
i0765.png -2.4332 0.0201711 -2.43973 -0.194349 0.0239539 0.978499 -0.0647643
i0347.png -0.585697 -0.426024 -3.50017 0.849322 -0.00648388 -0.515578 0.113088
i0873.png -0.0346119 0.214897 2.92749 0.576032 0.0660023 0.810347 -0.0846621
i0760.png -1.85175 -0.161755 -2.6647 -0.0634455 0.0284069 0.993781 -0.0869893
i0771.png -3.66678 -0.191488 -0.256003 0.574804 0.0155689 -0.811327 0.105385
i0700.png -4.35225 0.0423836 -0.265036 -0.0491352 0.0404837 0.994993 -0.0770476
i0610.png 2.14666 0.201143 2.86498 0.96665 0.0389158 0.252971 -0.00894205
i0555.png -30.0153 -0.814363 -12.2761 0.981642 0.0263711 0.188784 0.00667498
i0708.png -0.460174 -0.533398 4.51106 0.694761 0.0545964 -0.716641 0.0274268
i0314.png 2.57607 0.328404 1.39079 -0.244469 0.0292266 0.957853 -0.147983
i0316.png 2.55574 0.373149 1.40686 -0.212569 0.0515752 0.959844 -0.175655
i0263.png -1.38063 0.545277 3.41894 0.16627 0.0428237 0.975982 -0.134088
i0545.png -0.351589 0.451179 3.21002 0.996965 0.00277815 -0.0664427 0.0404703
i0525.png -2.31895 -0.457084 2.64823 0.913052 0.129786 -0.385167 0.0337374
i0665.png 3.18703 0.534237 1.03928 0.981913 -0.0995014 0.16032 0.0156247
i0612.png 2.66487 0.0678741 2.40421 0.93691 0.0580394 0.344475 -0.0129995
i0577.png -0.00195187 -0.69925 3.09758 0.982747 0.176586 -0.0413984 0.0362261
i0750.png -2.74039 -0.0843552 -0.936469 -0.235212 0.0590798 0.957382 -0.156857
i0325.png 1.91929 0.932458 2.14652 0.0882569 0.0404847 0.958888 -0.266656
i0682.png 3.93131 0.387945 0.143124 0.983484 0.0771163 0.139723 0.0853788
i0530.png -2.53585 0.049964 2.44489 0.90873 0.0409385 -0.407444 0.0807674
i0727.png -1.45619 0.35764 3.47028 0.600686 -0.0195911 -0.788031 0.133417
i0609.png 1.75251 0.274535 3.08817 0.981227 0.0304863 0.19043 -0.000312757
i0663.png 3.23237 0.524364 0.801813 0.971058 -0.095994 0.218395 0.0116386
i0573.png 1.91602 -0.598672 2.58616 0.947505 0.178613 0.263286 0.0318126
i0668.png 3.16071 0.605685 1.28405 0.991666 -0.071572 0.0942849 0.0508649
i0462.png -0.105136 -0.789098 -3.03876 -0.0403129 0.0529927 0.97894 -0.192986
i0813.png -2.18706 -0.125915 0.872979 0.919269 0.116378 -0.373937 0.039651
i0240.png 4.08833 0.110423 0.105549 0.773867 -0.0479127 -0.615999 0.139209
i0057.png 3.14496 0.0977588 2.09705 -0.491798 0.0266429 0.863671 -0.107223
i0875.png 0.199577 0.220525 2.98455 0.548064 0.0628157 0.829733 -0.0849934
i0874.png 0.0872742 0.209151 2.9533 0.560752 0.0655622 0.821015 -0.0848137
i0686.png 3.38912 -0.178673 -2.05981 0.501325 -0.0259494 -0.862988 0.0570313
i0940.png 0.787217 -0.30478 3.19557 0.50835 0.0993284 0.855392 -0.00437339
i0563.png 2.30731 0.0909468 2.37385 0.934724 0.0585515 0.350418 -0.00837177
i0688.png 2.5619 0.138924 -3.12217 0.62972 0.0225568 -0.773999 0.0621976
i0228.png 3.05698 0.0485729 2.0267 0.644605 0.0277067 -0.759255 0.0851374
i0454.png 0.191694 -0.294014 -2.5567 -0.0568557 0.029942 0.990106 -0.124747
i0662.png 3.26436 0.543521 0.622161 0.960874 -0.108364 0.254749 0.00902347
i0279.png 0.73518 -0.385114 3.63584 -0.0992218 0.0298706 0.994395 -0.0210124
i0230.png 3.37842 0.0585448 1.62458 0.681423 0.041666 -0.726336 0.079768
i0607.png -26.5848 -1.0599 -19.6064 0.996963 0.025017 0.0721235 0.0153825
i0260.png -0.78331 0.818179 3.64029 0.0826574 0.0641517 0.980356 -0.167198
i0078.png -2.70605 0.589507 1.00209 0.543077 -0.0214305 0.811747 -0.213719
i0074.png -1.39393 1.07739 2.71219 0.274902 0.0526974 0.9335 -0.224122
i0155.png 0.635431 1.04004 3.61534 0.775455 -0.0680494 -0.603458 0.172848
i0582.png -1.19098 -0.524551 2.90825 0.961679 0.14261 -0.230212 0.0428769
i0486.png 0.219457 0.322373 3.63425 0.998552 0.0307501 0.00133039 0.0441207
i0315.png 2.55596 0.339483 1.41362 -0.225505 0.0474517 0.958733 -0.166513
i0013.png -2.01614 0.147693 3.70816 0.148497 0.0537392 0.984731 -0.0732446
i0621.png 3.5975 -0.248457 -0.696881 0.687396 0.102909 0.717208 -0.0500797
i0329.png 1.9345 0.56771 2.38173 0.116228 0.0348794 0.975655 -0.18268
i0301.png 2.96817 0.0980459 -1.3612 0.781962 0.0532062 -0.618958 0.0509436
i0495.png 2.8203 0.315624 2.31843 0.925385 0.00773203 0.376189 -0.0456656
i0288.png 3.0624 0.491137 1.80961 -0.462466 0.113393 0.851112 -0.221078
i0907.png -3.07671 -0.41958 -1.15941 0.990107 -0.129324 -0.0148176 0.05239
i0508.png 2.64781 -0.258873 2.43331 0.926201 0.134536 0.350076 0.0387047
i0735.png -1.6694 0.248347 2.77057 0.623769 -0.0376027 -0.776914 0.0768275
i0189.png 3.49172 -0.0613607 0.920123 0.977537 -0.0592275 -0.196813 0.046665
i0506.png 2.79168 -0.0845366 2.25094 0.915964 0.108157 0.385184 0.0307423
i0895.png -1.05465 0.211787 2.95991 0.717251 0.0550922 0.692556 -0.0536912
i0632.png 3.61936 -0.105167 -0.141241 0.722908 0.125383 0.679472 0.000711935
i0200.png 2.82775 0.398327 1.44897 0.880733 -0.047803 -0.453137 0.129192
i0262.png -1.17539 0.570941 3.53075 0.134937 0.0423366 0.980334 -0.137642
i0864.png -1.93181 -0.0674902 2.10312 0.827166 0.138597 0.544008 -0.0253505
i0354.png -3.50903 -0.165886 -0.930946 0.997507 -0.0588941 0.00881975 0.0378558
i0357.png -3.19332 0.56006 1.65242 0.934325 -0.0604307 0.348979 -0.0399848
i0106.png -2.86554 -0.234277 -0.493474 0.468505 -0.0193085 0.865254 -0.177384
i0931.png -0.579736 -0.0321588 3.26968 0.674544 0.0816759 0.733411 -0.0206818
i0785.png -22.3991 1.60121 -24.192 0.99388 0.100387 -0.0236983 0.039542
i0870.png -0.750832 0.128648 2.78968 0.667882 0.0706608 0.738601 -0.0583827
i0439.png 1.57047 0.13765 1.32179 0.749214 0.0501391 0.655245 -0.082573
i0578.png -0.352154 -0.657192 3.07869 0.980415 0.168058 -0.0953768 0.0380206
i0159.png 1.61315 0.422775 3.41555 0.855806 -0.0113531 -0.506422 0.104902
i0625.png 2.85945 -0.17702 -2.28166 0.498663 0.0964062 0.859401 -0.0589168
i0129.png -3.47118 0.167918 -0.808476 0.242476 0.0888323 0.965445 -0.0350837
i0491.png 1.64813 0.326928 3.24795 0.981986 0.0296728 0.186459 0.00745101
i0003.png 0.875181 0.247932 4.15551 -0.195958 0.0464793 0.974708 -0.0968751
i0046.png 1.79117 0.636281 3.44703 -0.324188 0.0540866 0.929896 -0.165136
i0199.png 2.88136 0.383857 1.37392 0.894823 -0.0461015 -0.425899 0.125602
i0900.png -3.10943 0.0131662 1.20926 0.942019 0.0475254 0.331873 0.0141801
i0344.png 0.991137 -0.149117 -3.35172 0.721748 0.0123348 -0.685592 0.0942931
i0149.png -1.56362 0.960784 3.45064 0.546994 -0.0411516 -0.801755 0.237261
i0005.png 0.359575 0.267196 4.23494 -0.134029 0.0411872 0.98537 -0.0968771
i0312.png 2.76132 0.150992 1.12865 -0.32857 -0.000918867 0.940539 -0.0861869
i0917.png -3.2614 0.111604 0.66722 0.971804 -0.00125644 0.235727 0.00529436
i0681.png 3.79936 0.32895 0.77043 0.990234 0.0871648 0.0660482 0.0864695
i0653.png 3.3447 -0.205822 -0.430149 0.834603 -0.0419849 0.541099 -0.094267
i0749.png -2.7793 -0.0169166 -0.774882 -0.248991 0.0534553 0.957557 -0.135022
i0675.png 3.33423 0.232477 1.52287 0.997825 0.029471 0.00623826 0.0586376
i0186.png 3.68644 -0.0503729 0.48058 0.992983 -0.0730311 -0.0841554 0.0396186
i0194.png 3.22383 0.020585 0.969984 0.95344 -0.0450186 -0.290816 0.0659649
i0748.png -2.84145 0.00770073 -0.47554 -0.277288 0.050162 0.949684 -0.136735
i0037.png -0.455349 2.023 3.30296 -0.05424 0.0599404 0.941993 -0.325751
i0529.png -2.54267 -0.0506096 2.44954 0.906447 0.059502 -0.412135 0.0704149
i0173.png 3.71508 -0.205511 0.815489 0.990134 0.0959448 -0.09856 0.0267294
i0379.png -2.02496 -0.220306 2.31608 0.879412 0.0963515 0.465217 0.0304002
i0208.png 2.39209 0.577882 2.30383 0.744615 -0.0177598 -0.647621 0.16069
i0801.png -2.1564 0.582623 1.3205 0.902997 -0.105313 -0.403715 0.102565
i0336.png 3.23043 -0.0447965 -0.468092 -0.317122 0.0183968 0.945338 -0.0736927
i0456.png -0.0987609 -0.418619 -2.69758 -0.0953455 0.041852 0.984103 -0.143873
i0061.png 3.37084 0.149582 1.53359 0.52686 -0.0433995 -0.837814 0.136395
i0647.png 3.35099 0.153779 0.365445 0.874512 -0.00676988 0.484069 -0.0293215
i0890.png 1.85096 -0.0572815 2.6299 0.317329 0.0954031 0.937967 -0.102067
i0811.png -2.25215 -8.18719e-06 0.265345 0.864287 0.0989763 -0.492445 0.0266417
i0644.png 3.11532 0.0813957 1.28024 0.924401 0.0296822 0.379849 -0.0177827
i0027.png -3.20762 1.06593 2.12609 0.334162 0.00854425 0.91209 -0.237392
i0429.png 1.89992 0.357486 1.56857 0.581243 0.00558167 0.800979 -0.143381
i0088.png -2.86775 0.0275459 0.519551 0.543235 0.0204658 0.832665 -0.105575
i0323.png 2.06493 0.874886 2.00501 0.031354 0.0498685 0.961103 -0.269834
i0560.png 2.04557 0.236779 2.598 0.952594 0.0338646 0.301995 -0.0147543
i0464.png -0.478411 -0.918923 -3.10538 -0.0785613 0.0670038 0.97151 -0.213324
i0613.png 2.83641 0.017304 2.22221 0.923826 0.0649141 0.376912 -0.0164197
i0125.png -3.36976 0.0488746 -0.632712 0.256969 0.0702725 0.962392 -0.0532022
i0786.png 0.576877 -0.244092 3.32211 0.993794 0.104196 0.0375064 0.0105067
i0153.png -0.192017 1.21655 3.63556 0.698486 -0.0899485 -0.681458 0.199104
i0718.png -1.42778 0.638064 3.67796 0.585319 -0.0459272 -0.79834 0.133963
i0109.png -2.88058 -0.177193 -0.691362 0.460478 0.010318 0.874192 -0.153759
i0631.png 3.51785 -0.0260523 -0.866161 0.667953 0.125033 0.733624 0.00102675
i0401.png 2.86831 0.0913434 1.27356 0.168309 0.0520118 0.97609 -0.127339
i0137.png -3.87264 0.0935648 0.509588 -0.0112104 0.0543327 0.993579 -0.0986093
i0783.png -21.3818 1.33037 -25.1122 0.993428 0.0961149 -0.0439685 0.043927
i0504.png 2.93277 0.0528796 2.05469 0.905307 0.0766719 0.417735 0.00614773
i0386.png -1.85405 0.500377 2.35573 0.87802 -0.00954089 0.47608 -0.0483401
i0501.png 2.87485 0.399425 2.07588 0.91413 0.0103086 0.404956 -0.0164196
i0251.png 1.98672 0.992824 3.25632 -0.310813 0.0831563 0.923656 -0.208183
i0572.png 2.16953 -0.536211 2.41097 0.935171 0.170748 0.309188 0.0265174
i0714.png 0.533469 -0.306667 4.2188 0.759141 0.0418172 -0.648228 0.0419081
i0480.png -2.07571 0.0746957 3.01825 0.946298 0.0451617 -0.313466 0.0649612
i0848.png -2.39052 -0.0330093 -0.960548 0.983489 -0.046058 -0.171447 0.0351292
i0623.png 3.23564 -0.196083 -1.73608 0.574586 0.0970905 0.810812 -0.0548564
i0544.png -0.441972 0.452878 3.2011 0.995923 0.00227955 -0.0803499 0.0409447
i0461.png -0.111262 -0.760505 -2.95937 -0.0491064 0.0504073 0.979549 -0.188496
i0087.png -2.89012 0.191242 0.406234 0.569753 0.0570639 0.813018 -0.105483
i0213.png 2.23834 0.236459 2.42246 0.665586 0.0331848 -0.736769 0.114306
i0614.png 3.0002 -0.0381322 2.00095 0.908608 0.0718038 0.410885 -0.0211934
i0934.png -0.0748188 -0.140161 3.31462 0.615444 0.0953307 0.78217 -0.0187151
i0205.png 2.62593 0.619403 1.91774 0.81023 -0.069284 -0.558636 0.163258
i0247.png 3.34174 0.639208 2.31304 0.510015 -0.0956122 -0.831945 0.196495
i0418.png 2.80235 -0.0967658 0.309015 0.158691 0.0503285 0.971029 -0.171425
i0637.png 3.34481 -0.211309 0.9356 0.857502 0.103042 0.503787 -0.0164601
i0022.png -3.35808 0.531609 2.27123 0.359596 0.0430734 0.922895 -0.130769
i0008.png -0.430586 0.232065 4.2133 -0.0425422 0.0462484 0.993932 -0.0902781
i0430.png 1.78908 0.360358 1.68545 0.623829 0.0126391 0.769205 -0.137841
i0303.png 3.04487 0.17897 -1.05938 0.738696 0.0629408 -0.668597 0.0578308
i0170.png 3.40663 -0.373442 1.66619 0.971352 0.105348 -0.21215 0.0192068
i0816.png -1.52739 -0.149984 1.85404 0.983378 0.118117 -0.133621 0.034089
i0060.png 3.3152 0.075788 1.72992 0.514421 -0.0508391 -0.846743 0.125752
i0133.png -3.70165 -0.0907129 -0.514321 0.165449 0.0484129 0.983175 -0.0604201
i0888.png 2.38068 -0.0153385 2.14378 0.20704 0.0658739 0.971568 -0.0940811
i0450.png 0.948378 -0.303456 -2.06655 0.0794794 0.0172652 0.985987 -0.145653
i0859.png -2.46503 -0.0303636 1.42617 0.925013 0.0820841 0.370962 -0.00102969
i0119.png -3.13714 -0.0220616 -0.665918 0.325853 0.0549863 0.938461 -0.100439
i0090.png -2.85113 0.0154403 0.654655 0.506706 0.00939641 0.854453 -0.114326
i0236.png 3.96912 0.0948413 -0.46525 0.832969 0.0297422 -0.54483 0.0918611
i0311.png 2.81935 0.122463 1.0112 -0.361842 -0.0103897 0.92909 -0.0758559
i0711.png 0.346554 -0.653664 4.3913 0.745808 0.0745176 -0.661623 0.0217236
i0611.png 2.4602 0.120847 2.6083 0.950437 0.0487648 0.306738 -0.0142279
i0565.png 2.49735 -0.0475515 2.18048 0.919109 0.0857625 0.384556 0.000895751
i0076.png -2.22898 0.794366 2.20323 0.419293 0.0118642 0.885741 -0.198786
i0777.png -2.64398 0.0308375 2.63341 0.878621 0.0353842 -0.470286 0.0748585
i0427.png 2.07839 0.278423 1.11294 0.489938 0.0158362 0.853845 -0.175096
i0065.png 3.434 0.231161 0.921429 0.544329 -0.0862353 -0.809729 0.201516
i0463.png -0.145017 -0.952392 -3.03921 -0.0361855 0.0396388 0.97496 -0.215805
i0713.png 0.577235 -0.422166 4.25372 0.762502 0.0526103 -0.643927 0.0343806
i0292.png 3.47522 0.104234 0.0153731 0.669885 -0.0282666 -0.728808 0.138903
i0141.png -3.43418 -0.0986632 1.90756 -0.224794 -0.0131149 0.961378 -0.158268
i0124.png -3.31952 0.0813732 -0.71814 0.278693 0.0745177 0.954446 -0.076222
i0484.png -0.806792 0.320399 3.52608 0.988798 0.023242 -0.133667 0.0622275
i0712.png 0.502966 -0.56848 4.31521 0.756268 0.0685482 -0.650079 0.0275253
i0371.png 0.465581 0.205 3.37938 0.616401 0.0605561 0.782585 -0.0628042
i0473.png -3.59368 -0.0925319 -0.388775 0.655869 -0.0702087 -0.729824 0.179621
i0070.png 1.41016 1.18054 2.97331 -0.111317 0.117145 0.944954 -0.284515
i0376.png -1.11339 -0.268445 2.85687 0.783863 0.106043 0.611619 0.0153864
i0024.png -3.38046 0.707245 2.11249 0.364739 0.0209088 0.914295 -0.174909
i0856.png -2.67428 -0.0471174 0.598703 0.975162 0.0541717 0.213754 0.0208307
i0520.png -0.821882 -0.800692 3.38432 0.96955 0.17722 -0.166481 0.0291635
i0739.png -2.51341 0.151546 1.78017 0.507607 -0.0272501 -0.853437 0.115055
i0183.png 3.72337 -0.17515 -0.0616678 0.998635 -0.0444168 0.0189841 0.0198797
i0622.png 3.45506 -0.219425 -1.24151 0.631943 0.100738 0.766688 -0.051862
i0593.png -2.1635 0.209425 2.40323 0.915179 0.00871835 -0.391375 0.0959011
i0014.png -2.27925 0.151277 3.54848 0.183751 0.0535258 0.978831 -0.0725315
i0914.png -3.30991 -0.09146 -0.327243 0.990148 -0.107342 0.0883098 0.0169048
i0250.png 2.38593 0.944948 3.0083 -0.365969 0.0944833 0.901314 -0.211597
i0075.png -1.86569 0.937258 2.48282 0.35056 0.0256692 0.912232 -0.210433
i0147.png -1.90099 0.645125 3.32639 0.504074 -0.0166147 -0.836742 0.213299
i0232.png 3.73083 0.0448202 0.828715 0.747419 0.02975 -0.658381 0.0837538
i0510.png 2.40133 -0.492955 2.67695 0.938461 0.167233 0.298426 0.0476047
i0142.png -3.30313 -0.0759639 2.1585 -0.260759 -0.0214464 0.949231 -0.174657
i0628.png 2.82129 -0.142825 -2.24246 0.492555 0.118727 0.860952 -0.0453306
i0916.png -3.32315 0.0598182 0.261909 0.98419 -0.0314038 0.173992 0.0105365
i0492.png 2.06995 0.318109 2.98945 0.968155 0.0275908 0.24876 -0.00584048
i0150.png -1.36106 1.16161 3.43529 0.570723 -0.061637 -0.780373 0.247978
i0787.png 0.817129 -0.170782 3.21316 0.991895 0.096085 0.0810893 0.0183311
i0181.png 3.75534 -0.116309 -0.171306 0.998246 -0.0315688 0.043083 0.025552
i0220.png 1.7841 0.17059 2.89735 0.52698 0.0352475 -0.842191 0.108464
i0740.png -2.64128 0.177059 1.54834 -0.478115 0.0354603 0.869552 -0.118439
i0505.png 2.88824 -0.0197683 2.12797 0.907799 0.0976052 0.407111 0.025178
i0102.png -2.8082 -0.213635 -0.394848 0.510122 -0.0405594 0.833025 -0.210237
i0926.png -1.54385 0.0876079 2.94358 0.779525 0.066816 0.6225 -0.0192425
i0226.png 2.58771 0.216376 2.49458 0.586402 0.0428031 -0.801948 0.105732
i0849.png -2.40052 -0.159424 -0.970071 0.984164 -0.0433868 -0.162577 0.0557522
i0551.png 0.458519 0.401963 3.25025 0.998246 0.0146572 0.0528255 0.0223396
i0062.png 3.43194 0.100405 1.30933 0.545025 -0.0638885 -0.822477 0.149657
i0519.png -0.34109 -0.847578 3.46251 0.976987 0.184864 -0.101752 0.0311114
i0938.png 0.501019 -0.270782 3.25812 0.545105 0.0990827 0.832469 -0.00628726
i0581.png -1.08009 -0.526557 2.93701 0.965861 0.143924 -0.211382 0.0414367
i0489.png 1.0309 0.315904 3.4861 0.994077 0.0317335 0.102555 0.0169112
i0522.png -1.44694 -0.719934 3.18237 0.952468 0.166786 -0.253728 0.0246713
i0168.png 2.98109 -0.405793 2.3557 0.945032 0.100966 -0.30998 0.0251529
i0481.png -1.81884 0.0631786 3.17411 0.958003 0.0502302 -0.275593 0.0612781
i0271.png -2.31068 0.154984 2.99685 0.312191 0.0624869 0.945124 -0.0732991
i0264.png -1.47651 0.547531 3.38497 0.183503 0.0483245 0.972714 -0.133489
i0231.png 3.56557 0.0372454 1.23588 0.71203 0.0357868 -0.696745 0.0792379
i0660.png 3.31333 0.340246 0.367654 0.94196 -0.0906599 0.322707 -0.0187768
i0671.png 3.25153 0.360955 1.37924 0.996681 -0.000731132 0.059696 0.0553499
i0134.png -3.76281 -0.138581 -0.274933 0.125318 0.0386628 0.98902 -0.0681168
i0291.png 3.47223 0.265463 0.324449 0.63774 -0.0476181 -0.747352 0.180235
i0889.png 2.1685 -0.02705 2.35025 0.255523 0.0785229 0.958325 -0.100771
i0935.png 0.0650731 -0.177861 3.30918 0.59879 0.0957345 0.795035 -0.0143038
i0779.png -1.81659 -0.0138406 3.15197 0.940267 0.0547161 -0.331703 0.0536373
i0342.png 2.01485 0.0142118 -2.75482 0.611107 0.0185625 -0.787646 0.07627
i0044.png 1.49009 0.839118 3.5261 -0.28413 0.0646457 0.938547 -0.18499
i0426.png 2.24344 0.244295 0.920931 0.434879 0.0163985 0.878133 -0.198727
i0056.png 3.14031 0.0426947 2.0962 -0.494513 0.0429161 0.861612 -0.10602
i0304.png 3.1172 0.0606223 -0.748449 0.69744 0.0500896 -0.713929 0.0370647
i0867.png -1.2689 0.0419599 2.59762 0.733503 0.111203 0.668609 -0.0506833
i0467.png -1.78339 -0.796302 -2.81908 -0.259377 0.081697 0.937399 -0.217559
i0068.png 2.71323 0.613364 2.0477 -0.347544 0.159706 0.886367 -0.260884
i0838.png -2.37473 -0.0406494 0.306004 0.993628 0.0646483 -0.0727627 0.0568227
i0144.png -2.72522 0.359989 2.81895 -0.382752 0.011481 0.904349 -0.188472
i0524.png -2.11385 -0.542274 2.80542 0.924395 0.141543 -0.352763 0.0318978
i0234.png 3.91291 0.0350111 0.0722233 0.803479 0.0344577 -0.589314 0.0770924
i0052.png 3.00985 0.17556 2.40963 -0.483594 0.0250369 0.867585 -0.11317
i0243.png 4.07537 0.320995 0.812576 0.703819 -0.0918322 -0.677646 0.192359
i0726.png -1.71821 0.449375 3.38211 0.565864 -0.0292879 -0.811176 0.144683
i0834.png -1.78797 0.0761867 1.53485 0.992063 0.07037 0.101158 0.0250388
i0112.png -2.92494 -0.263658 -0.739134 0.426494 0.00657907 0.895999 -0.123473
i0747.png -2.88238 0.0254266 -0.149088 -0.314713 0.0499267 0.936802 -0.144445
i0066.png 3.4017 0.375821 0.930869 0.521952 -0.114258 -0.807749 0.249105
i0474.png -3.61844 0.117879 0.141019 0.713076 -0.0644785 -0.68166 0.150678
i0928.png -1.1232 0.0454594 3.12893 0.734617 0.0728752 0.674235 -0.020825
i0345.png 0.467355 -0.158284 -3.472 0.768219 0.0101391 -0.63413 0.0872718
i0298.png 3.17169 0.0899671 -1.13251 0.763489 0.0453123 -0.640965 0.0647649
i0118.png -3.11915 -0.00554637 -0.607688 0.328392 0.0549062 0.937556 -0.100663
i0433.png 1.56393 0.346443 1.75806 0.708613 0.0136902 0.697708 -0.104321
i0326.png 1.88274 0.90289 2.35414 0.109456 0.0330555 0.961928 -0.248238
i0441.png 1.99422 0.098677 0.652041 0.647716 0.0520189 0.754742 -0.0901227
i0707.png -0.977216 -0.461819 4.45509 0.656188 0.0572325 -0.75083 0.0489437
i0245.png 3.85266 0.379138 1.75553 0.612976 -0.116172 -0.757738 0.191304
i0829.png -0.409251 0.368048 2.33138 0.927847 0.0322498 0.370606 -0.0266691
i0518.png 0.198627 -0.937641 3.45298 0.978631 0.200395 -0.029672 0.0352541
i0548.png 0.0042596 0.438573 3.25182 0.99938 0.00695329 -0.0142081 0.0314643
i0216.png 1.89666 0.258309 2.75642 0.582828 0.054812 -0.801666 0.120992
i0680.png 3.6808 0.079841 1.11818 0.993836 0.090122 0.026907 0.0586884
i0420.png 2.72704 -0.156148 0.118119 0.152412 0.0553721 0.964743 -0.207305
i0115.png -3.01529 -0.167672 -0.658168 0.374916 0.0268465 0.920161 -0.109638
i0521.png -1.15431 -0.758272 3.29007 0.961575 0.171606 -0.212648 0.0265498
i0321.png 2.1283 0.808056 1.95541 -0.0159482 0.0416286 0.968059 -0.246726
i0197.png 3.08341 0.316161 1.06321 0.92879 -0.061077 -0.347213 0.114288
i0839.png -2.40353 -0.0323435 0.103344 0.991359 0.0651827 -0.0993347 0.0556015
i0723.png -2.39847 0.667302 3.0488 -0.468683 0.0556484 0.865983 -0.165264
i0630.png 3.32383 -0.0421184 -1.41339 0.60637 0.122116 0.78564 -0.0131774
i0361.png -0.898977 0.44746 3.40993 0.735715 0.0263732 0.6745 -0.0554758
i0500.png 2.9648 0.441367 1.95232 0.906595 -0.0101944 0.419943 -0.040374
i0221.png 1.7965 0.222241 2.914 0.51823 0.0348841 -0.846597 0.116161
i0559.png 1.91125 0.243738 2.68139 0.959797 0.0341982 0.278348 -0.0119394
i0477.png -3.11499 0.220018 1.9165 0.862536 -0.00353582 -0.497339 0.0931268
i0730.png -1.08189 0.198737 3.41963 0.661471 -0.0148088 -0.742521 0.104406
i0639.png 3.29771 -0.0992775 1.01634 0.875401 0.0879816 0.475291 -0.00556768
i0258.png -0.343598 0.857453 3.67896 0.0218256 0.0583648 0.982601 -0.174966
i0182.png 3.74043 -0.0907716 -0.136005 0.99829 -0.0374549 0.0342051 0.0290511
i0023.png -3.36878 0.652222 2.22479 0.363077 0.0371765 0.918257 -0.153615
i0001.png 1.1346 0.254558 4.10497 -0.227202 0.0449022 0.96776 -0.099012
i0135.png -3.81346 0.0354374 -0.0739872 0.0890122 0.057318 0.991954 -0.0694216
i0526.png -2.38002 -0.375691 2.60155 0.911041 0.118851 -0.393406 0.0333169
i0097.png -2.83729 0.063545 0.104901 0.493373 -0.0100617 0.849112 -0.188389
i0233.png 3.84275 0.104249 0.443617 0.776715 0.03595 -0.62277 0.0870563
i0405.png 2.89586 0.00229164 1.29612 0.182758 0.0546714 0.97868 -0.0761321
i0850.png -2.48597 -0.120236 -0.766559 0.991979 -0.00176462 -0.113904 0.0547675
i0099.png -2.82166 -0.111079 -0.0494392 0.489691 -0.0375052 0.848117 -0.198729
i0488.png 0.86492 0.296618 3.52494 0.995561 0.0357429 0.0822651 0.0285094
i0396.png 2.25163 0.406475 2.17199 0.340913 0.0455706 0.922433 -0.175555
i0699.png -4.20476 -0.0499622 -1.22272 0.056452 0.0379071 0.995001 -0.073132
i0082.png -2.93466 0.221657 0.456656 0.619705 0.00229081 0.770899 -0.147227
i0925.png -1.78148 0.0999962 2.80258 0.804567 0.0629867 0.590274 -0.0167421
i0574.png 1.52079 -0.662026 2.79844 0.9629 0.182578 0.196497 0.0296165
i0348.png -1.14752 -0.464068 -3.3789 0.887228 -0.00624472 -0.446599 0.11549
i0310.png 2.87693 0.0727798 0.868853 -0.399309 -0.018731 0.914816 -0.0575647
i0366.png 0.808835 0.52925 3.24926 0.56204 0.0405578 0.818166 -0.114324
i0910.png -3.20818 -0.286204 -0.745077 0.984503 -0.168861 0.039248 0.0264464
i0193.png 3.27167 0.00592767 0.924149 0.960342 -0.0350034 -0.26886 0.065051
i0664.png 3.18395 0.579802 0.983096 0.9789 -0.094036 0.179817 0.0240495
i0295.png 3.38125 0.0932317 -0.52494 0.715006 0.0254346 -0.693082 0.088073
i0554.png 1.06916 0.339856 3.1128 0.989293 0.0238731 0.143619 0.0101385
i0254.png 0.658673 1.06985 3.71233 -0.120633 0.069747 0.969013 -0.203952
i0589.png -1.86387 0.149169 2.61615 0.937568 0.0285957 -0.337776 0.0778157
i0789.png 1.22146 0.0194063 3.01185 0.98355 0.0760922 0.160821 0.0312548
i0913.png -3.27176 -0.16645 -0.533603 0.988381 -0.135722 0.0649652 0.021503
i0293.png 3.45649 0.0470573 -0.125657 0.683029 -0.0111736 -0.721417 0.113594
i0404.png 2.94084 0.00683931 1.21024 0.163328 0.0544386 0.981523 -0.0835067
i0561.png 2.15328 0.206885 2.52591 0.946062 0.0373586 0.321352 -0.0174006
i0509.png 2.53289 -0.366024 2.54808 0.932508 0.150215 0.325409 0.0444296
i0826.png -0.405111 0.504147 2.19088 0.944805 0.011658 0.325041 -0.0394477
i0415.png 2.80144 -0.0520491 0.801831 0.189497 0.0581833 0.964498 -0.174497
i0103.png -2.83763 -0.207961 -0.490007 0.508346 -0.0386744 0.832185 -0.218077
i0289.png 3.32491 0.346865 1.29696 0.537512 -0.102862 -0.809576 0.212335
i0319.png 2.34463 0.732533 1.71142 -0.102173 0.0387491 0.964711 -0.239566
i0212.png 2.33103 0.233228 2.3477 0.69 0.0357917 -0.714319 0.111212
i0725.png -1.97298 0.500223 3.30475 0.531314 -0.0367971 -0.833577 0.146633
i0720.png -2.3269 0.626816 3.13992 -0.476108 0.0451404 0.86331 -0.161183
i0476.png -3.38603 0.268556 1.28507 0.813854 -0.0275189 -0.570963 0.104333
i0697.png -3.55558 0.142593 -2.59026 0.221569 0.0560579 0.97323 -0.0242372
i0584.png -1.50202 -0.403244 2.76836 0.949965 0.119794 -0.281259 0.0640995
i0770.png -3.50996 -0.12516 -0.994969 -0.482195 -0.000861399 0.870877 -0.0951848
i0687.png 2.94713 -0.000659122 -2.70372 0.578116 0.00279335 -0.812707 0.0726746
i0837.png -2.35695 -0.0774564 0.395577 0.993539 0.0798196 -0.0535951 0.0602995
i0898.png -2.50614 0.0979366 2.2679 0.863801 0.0674649 0.499021 -0.0165325
i0020.png -3.30586 0.301219 2.53295 0.345601 0.0465632 0.932549 -0.0935141
i0732.png -0.962268 0.00237811 3.31739 0.688615 -0.0012996 -0.721704 0.0703621
i0615.png 3.22356 -0.0792213 1.62454 0.881553 0.0767749 0.465062 -0.02622
i0229.png 3.24507 0.0755993 1.79837 0.667523 0.0370921 -0.738815 0.084792
i0810.png -2.24926 -0.0136937 0.346502 0.864837 0.0988772 -0.491383 0.0286871
i0435.png 1.45688 0.333644 1.81811 0.752365 0.015109 0.653442 -0.0820536
i0457.png -0.17284 -0.53619 -2.743 -0.100393 0.0468235 0.980674 -0.161265
i0493.png 2.43572 0.332403 2.72075 0.951275 0.0203665 0.307095 -0.0188007
i0909.png -3.18498 -0.343139 -0.746632 0.98593 -0.161834 0.0242902 0.0340736
i0368.png 0.92852 0.229826 3.27453 0.545946 0.0670986 0.831438 -0.0784295
i0470.png -3.01353 -0.471549 -1.80085 -0.472053 0.0629489 0.857002 -0.196854
i0045.png 1.69329 0.747758 3.5001 -0.311025 0.0695763 0.930982 -0.178034
i0296.png 3.33198 0.156116 -0.682804 0.725915 0.0401357 -0.68138 0.0846032
i0803.png -2.29886 0.442875 0.743642 0.868698 -0.0959635 -0.475052 0.102369
i0053.png 3.1404 -0.0358475 2.17133 0.508482 -0.0280937 -0.856175 0.0873001
i0904.png -3.2084 -0.115701 -0.826029 0.99771 0.0169684 0.049737 0.0425814
i0445.png 2.02955 -0.11516 -0.692443 0.405119 0.0692378 0.906604 -0.0956738
i0743.png -2.86498 0.149914 0.751834 -0.403016 0.0485299 0.902478 -0.144071
i0163.png 2.4131 -0.00957459 2.95214 0.910943 0.04756 -0.404241 0.0671594
i0496.png 2.95397 0.3801 2.13165 0.912823 -0.00730091 0.405093 -0.0510016
i0536.png -2.24839 0.418538 2.49745 0.928314 -0.016606 -0.361314 0.0860725
i0111.png -2.89804 -0.232755 -0.777443 0.445059 0.00854761 0.886591 -0.125722
i0004.png 0.596828 0.2598 4.21079 -0.162336 0.0444953 0.980952 -0.0969567
i0832.png -1.33278 0.143075 1.94877 0.975167 0.0646314 0.211673 0.00818218
i0077.png -2.49232 0.650558 1.66727 0.483605 -0.0172124 0.851039 -0.203872
i0160.png 1.80704 0.254046 3.33685 0.870189 0.00824867 -0.484357 0.0900052
i0539.png -1.56545 0.392137 2.94486 0.964812 -2.86401e-05 -0.254058 0.067765
i0374.png -0.265372 -0.255402 3.1135 0.700822 0.106779 0.705299 -0.000536222
i0635.png 3.43458 -0.223197 0.746142 0.830665 0.127553 0.541965 -0.000787251
i0599.png -5.20477 -1.53563 -32.5592 0.947514 0.0375789 -0.307527 0.0789446
i0235.png 3.94445 -0.0193373 -0.292822 0.824592 0.0316693 -0.56021 0.0721846
i0238.png 4.03973 0.13689 -0.309811 0.814667 -0.00923726 -0.566634 0.123121
i0722.png -2.6296 0.767193 2.77064 -0.431417 0.0650853 0.880175 -0.18691
i0759.png -1.99682 -0.0776134 -2.47129 -0.0880359 0.029552 0.992715 -0.0767715
i0390.png 0.00956802 0.868861 2.91084 0.682112 0.00694516 0.714817 -0.153989
i0512.png 2.06202 -0.706756 2.91982 0.950558 0.192575 0.238528 0.0495953
i0885.png 1.90925 -0.092378 2.52696 0.285603 0.0812152 0.951693 -0.0782035
i0546.png -0.23835 0.449276 3.22167 0.998123 0.00397639 -0.0500625 0.0350363
i0861.png -2.24338 -0.19933 1.76052 0.884778 0.0975868 0.455311 0.0183371
i0318.png 2.48033 0.686599 1.49835 -0.157091 0.0312101 0.95929 -0.232617
i0276.png -1.82737 -0.15268 3.2897 0.243984 0.0446075 0.9678 -0.0429613
i0048.png 2.33521 0.444226 3.1009 -0.396049 0.0182856 0.906905 -0.142599
i0651.png 3.31214 -0.253773 -0.639533 0.807436 -0.00689108 0.58334 -0.0878346
i0761.png -1.84387 -0.108062 -2.69488 -0.0661434 0.0315703 0.993984 -0.0813873
i0287.png 2.67484 0.65962 2.29702 -0.379723 0.105982 0.891725 -0.222273
i0594.png -2.1664 0.226483 2.3956 0.915994 0.00518711 -0.38904 0.0978592
i0721.png -2.54348 0.735581 2.9009 -0.444765 0.0610275 0.87635 -0.174558
i0089.png -2.85947 -0.0462014 0.519611 0.534384 -0.000756269 0.837712 -0.112569
i0283.png 2.09463 0.466171 2.8796 -0.289715 0.0312166 0.945299 -0.146627
i0360.png -1.47115 0.473592 3.20209 0.787888 0.0115314 0.613839 -0.047974
i0483.png -1.23552 0.207836 3.40706 0.978571 0.0350473 -0.192655 0.0636666
i0704.png -3.10743 -0.156181 3.14775 -0.445132 -0.00833875 0.89316 -0.0636583
i0039.png 0.171393 1.75862 3.26814 -0.129216 0.0691614 0.945306 -0.291403
i0746.png -2.8968 0.00803068 0.120791 -0.345251 0.0394796 0.926733 -0.142862
i0902.png -3.30213 -0.0809561 0.0801079 0.983977 0.0188742 0.173964 0.0342041
i0169.png 3.20372 -0.4285 2.023 0.959111 0.104226 -0.262558 0.0175281
i0423.png 2.61206 -0.148166 0.214549 0.236199 0.0577347 0.942468 -0.229413
i0248.png 2.99779 0.736817 2.53741 -0.458548 0.0928618 0.860816 -0.200265
i0845.png -2.37232 -0.0894251 -0.835606 0.980129 -0.0433195 -0.185514 0.0552674
i0872.png -0.203304 0.208337 2.90177 0.597267 0.0727222 0.794223 -0.0848183
i0079.png -2.78548 0.469103 0.825307 0.56957 -0.0162425 0.799343 -0.19073
i0763.png -1.88553 -0.0346943 -2.78286 -0.0788809 0.0429957 0.993057 -0.0759408
i0532.png -2.49382 0.189683 2.43967 0.912918 0.0196964 -0.398997 0.0836345
i0843.png -2.3871 -0.0225957 -0.699115 0.98079 -0.000741456 -0.187186 0.0548763
i0751.png -2.63356 -0.130789 -1.22876 -0.19539 0.0639077 0.964942 -0.163172
i0753.png -2.39512 -0.389087 -1.66849 -0.144797 0.0388776 0.972833 -0.176404
i0922.png -2.43852 0.0916626 2.25701 0.873523 0.0467433 0.484524 -0.00293588
i0455.png -0.00417852 -0.315662 -2.64302 -0.0861098 0.0475732 0.986886 -0.127973
i0852.png -2.61719 -0.0334227 -0.402064 0.998808 0.0298613 -0.0169149 0.0347179
i0309.png 2.96473 -0.0334586 0.632925 -0.452521 -0.0112784 0.890709 -0.0416483
i0793.png 0.17631 0.642275 3.16201 0.99659 -0.0264737 0.0214891 0.0751401
i0431.png 1.65331 0.349178 1.80403 0.667321 0.0198665 0.7344 -0.122249
i0328.png 1.89032 0.673328 2.34846 0.121393 0.0254789 0.973837 -0.190411
i0121.png -3.18442 0.0968098 -0.744677 0.314777 0.075714 0.94221 -0.0861586
i0363.png 0.115551 0.46245 3.45241 0.63433 0.0412937 0.767323 -0.0844715
i0703.png -3.79908 -0.123726 2.32244 -0.33515 0.0021158 0.939517 -0.0705536
i0151.png -1.0808 1.25932 3.54078 0.607091 -0.0829592 -0.755767 0.231027
i0619.png 3.60525 -0.236505 0.36068 0.776678 0.0973797 0.620846 -0.0428773
i0349.png -1.68915 -0.521285 -3.16198 0.920754 -0.0271828 -0.375093 0.103818
i0210.png 2.33351 0.432185 2.3876 0.713359 -0.00443962 -0.686287 0.141808
i0936.png 0.190735 -0.213156 3.29863 0.583533 0.0981791 0.806049 -0.0116681
i0538.png -1.77425 0.44312 2.8283 0.955216 -0.0115123 -0.285496 0.0769558
i0172.png 3.63775 -0.245864 1.10981 0.985546 0.0985927 -0.135316 0.0258306
i0407.png 2.85045 -0.0575003 1.39306 0.207432 0.0624703 0.973859 -0.0683229
i0937.png 0.346465 -0.243075 3.28132 0.564383 0.0991425 0.819486 -0.00924097
i0887.png 2.28989 -0.0380906 2.22311 0.217607 0.0674183 0.969966 -0.0852522
i0724.png -2.21431 0.557189 3.16956 -0.496377 0.0409879 0.852315 -0.159656
i0026.png -3.31783 0.843133 2.11727 0.353546 0.0110213 0.913078 -0.202908
i0541.png -1.13387 0.374955 3.06755 0.980687 0.00833379 -0.187716 0.0542876
i0590.png -1.99005 0.166237 2.54868 0.929396 0.0231536 -0.358897 0.0829438
i0158.png 1.44928 0.578527 3.46609 0.843071 -0.0273071 -0.523536 0.119984
i0604.png -19.5334 -1.21219 -26.5803 0.995213 0.0405202 -0.0775239 0.0435735
i0356.png -3.51652 0.269358 0.736569 0.969432 -0.072525 0.234168 -0.0103716
i0696.png -3.19615 0.176503 -3.00828 0.281755 0.061836 0.957267 -0.0207672
i0654.png 3.35973 -0.215084 -0.293133 0.852994 -0.0582325 0.508594 -0.101697
i0294.png 3.42642 0.0233832 -0.333053 0.701027 0.0071038 -0.707176 0.0917231
i0040.png 0.416175 1.59959 3.32171 -0.158041 0.0692998 0.94617 -0.273829
i0165.png 2.69024 -0.162233 2.70405 0.927632 0.0751618 -0.361777 0.054462
i0365.png 0.678938 0.495814 3.28579 0.577943 0.0537809 0.805758 -0.117659
i0063.png 3.48818 0.112505 1.08512 0.550563 -0.0774212 -0.813886 0.168745
i0737.png -2.12374 0.330307 2.33441 0.57058 -0.0464504 -0.81235 0.111211
i0185.png 3.72125 -0.0246433 0.214291 0.996287 -0.06391 -0.0385734 0.042897
i0897.png -2.14195 0.148946 2.5783 0.825532 0.0622337 0.560107 -0.0300616
i0359.png -2.15177 0.493464 2.81051 0.846698 -0.0124547 0.530561 -0.0380969
i0434.png 1.48929 0.332117 1.8106 0.73472 0.0178545 0.670849 -0.0991376
i0527.png -2.45564 -0.259743 2.54221 0.908467 0.0993934 -0.403631 0.0434734
i0015.png -2.50774 0.148358 3.38516 0.21574 0.0535998 0.972361 -0.0713964
i0047.png 2.03479 0.47633 3.34776 -0.356237 0.03641 0.922157 -0.14627
i0177.png 3.796 -0.0811664 -0.0610637 0.998525 0.0448825 0.00746604 0.0296241
i0139.png -3.69892 0.00852562 1.5387 -0.152682 0.0233871 0.981444 -0.113619
i0397.png 2.46013 0.334179 1.96097 0.292188 0.0464593 0.939856 -0.170699
i0534.png -2.42668 0.286686 2.43 0.916589 -8.36493e-05 -0.388543 0.0943304
i0502.png 2.88337 0.267786 2.10976 0.912389 0.036852 0.407638 -0.00441954
i0126.png -3.39768 -0.0229134 -0.657522 0.250742 0.0620707 0.964821 -0.0489497
i0278.png -0.272 -0.300997 3.76138 0.0341704 0.0189851 0.998757 -0.0309348
i0274.png -2.50948 0.105228 2.81823 0.343647 0.0737791 0.934143 -0.0619681
i0757.png -2.17787 -0.159431 -2.16955 -0.115579 0.0504471 0.98543 -0.114121
i0758.png -2.12847 -0.0402089 -2.27913 -0.110986 0.0425929 0.989439 -0.0829371
i0218.png 1.80672 0.226411 2.85425 0.550404 0.03959 -0.825765 0.116624
i0257.png -0.156242 0.904313 3.74496 -0.00412458 0.0579381 0.98201 -0.179674
i0198.png 2.9579 0.377386 1.27392 0.910333 -0.0479092 -0.392551 0.122077
i0710.png 0.110526 -0.631787 4.46229 0.731323 0.0657828 -0.678601 0.0184459
i0586.png -1.60332 -0.120414 2.75164 0.950061 0.0748816 -0.295691 0.0659122
i0821.png -0.415087 0.0376469 2.28195 0.963106 0.0947084 0.251882 0.00359848
i0244.png 4.00773 0.379637 1.23527 0.662137 -0.100999 -0.71598 0.196838
i0058.png 3.19897 0.12967 1.95537 -0.498201 0.0256864 0.859154 -0.113977
i0034.png -1.38409 2.16306 3.15237 0.0636861 0.0576127 0.934639 -0.345073
i0482.png -1.51606 0.0510886 3.32296 0.969061 0.0539449 -0.232313 0.0635797
i0494.png 2.6706 0.345464 2.48959 0.936856 0.012188 0.348219 -0.0299396
i0332.png 2.71096 0.311815 1.55612 -0.0271454 0.00871338 0.992263 -0.120838
i0017.png -2.96602 0.089411 2.97772 0.285113 0.0508556 0.955037 -0.0634704
i0364.png 0.478042 0.469706 3.32845 0.599164 0.0490498 0.792654 -0.101466
i0788.png 1.02663 -0.0409905 3.11698 0.988409 0.0824244 0.122578 0.0350374
i0742.png -2.82533 0.160944 0.97519 -0.423194 0.0415371 0.897541 -0.116627
i0754.png -2.34631 -0.350696 -1.74804 -0.137721 0.0359159 0.976754 -0.160297
i0101.png -2.80511 -0.165453 -0.24498 0.505188 -0.0384437 0.837435 -0.204965
i0794.png -0.266144 0.653422 3.0998 0.996325 -0.0339535 -0.0446509 0.0647299
i0038.png -0.139121 1.9313 3.27177 -0.0926176 0.0644276 0.942811 -0.313655
i0002.png 1.12682 0.254175 4.10714 -0.226281 0.0448138 0.967989 -0.098925
i0313.png 2.64778 0.191296 1.32168 -0.278519 0.020026 0.953934 -0.109709
i0543.png -0.592867 0.435452 3.17326 0.993536 0.00336323 -0.1029 0.0478146
i0399.png 2.74632 0.182819 1.53437 0.211837 0.0505636 0.964147 -0.151621
i0049.png 2.59965 0.448247 2.80504 -0.43212 0.0148415 0.88967 -0.146761
i0117.png -3.08384 -0.121875 -0.628331 0.345433 0.0320809 0.928986 -0.128964
i0624.png 3.02549 -0.179205 -2.07614 0.530151 0.0949134 0.840636 -0.057117
i0369.png 0.876765 0.179016 3.29555 0.5553 0.0668593 0.825959 -0.0704527
i0863.png -2.05205 -0.120135 1.99446 0.848398 0.129474 0.513201 -0.00905633
i0808.png -2.24148 0.0308663 0.407471 0.865142 0.0555696 -0.495747 0.0517301
i0772.png -3.67771 -0.130323 0.385651 0.650627 0.0195398 -0.752619 0.0993386
i0569.png 2.6078 -0.310395 1.9992 0.906113 0.136923 0.399952 0.0157792
i0661.png 3.2821 0.482037 0.53155 0.953743 -0.103093 0.282392 0.000846417
i0903.png -3.25966 -0.108437 -0.292045 0.992942 0.0183378 0.109331 0.0421402
i0400.png 2.81322 0.135341 1.37551 0.187086 0.051634 0.970767 -0.141222
i0729.png -1.20219 0.173506 3.41573 0.642799 -0.0229969 -0.761259 0.0822551
i0498.png 3.04703 0.502919 1.90911 0.900756 -0.0397012 0.426946 -0.069135
i0809.png -2.24697 0.0380126 0.428677 0.867549 0.0768663 -0.490344 0.0318337
i0490.png 1.2627 0.332094 3.41181 0.990565 0.0299219 0.132653 0.0169833
i0836.png -2.23271 -0.0342486 0.838943 0.995206 0.0852671 0.00773 0.0472757
i0225.png 2.35373 0.225143 2.68452 0.561597 0.0250345 -0.819543 0.111048
i0745.png -2.89225 0.0796075 0.42331 -0.374405 0.0423017 0.915858 -0.138694
i0268.png -1.97381 0.320347 3.19985 0.261206 0.0624479 0.958319 -0.0974518
i0270.png -2.21779 0.202999 3.05785 0.298381 0.0602923 0.949069 -0.0812489
i0818.png -1.03403 -0.0301275 2.07611 0.992394 0.0992266 0.0705469 0.0181824
i0443.png 2.1464 0.0459628 -0.134791 0.518164 0.0381776 0.849491 -0.0917268
i0479.png -2.41842 0.0839815 2.76857 0.926342 0.0380597 -0.36768 0.072477
i0100.png -2.80446 -0.159845 -0.0920769 0.495832 -0.0432469 0.84385 -0.200491
i0906.png -3.08856 -0.294206 -1.34986 0.996354 -0.0653206 -0.0229959 0.0498226
i0333.png 3.0072 0.121027 1.00182 -0.118955 0.0164954 0.988315 -0.0938638
i0382.png -2.46539 -0.0385123 1.84643 0.930214 0.0453953 0.363255 0.0262106
i0192.png 3.29146 -0.0149639 0.942 0.963718 -0.0274822 -0.2584 0.0610049
i0297.png 3.25094 0.108998 -0.946011 0.749356 0.0425411 -0.656973 0.0710162
i0338.png 2.9415 0.0303643 -1.50138 -0.44906 -0.00469813 0.889788 -0.0812388
i0933.png -0.238078 -0.0983839 3.30727 0.634821 0.0925235 0.766797 -0.0215459
i0324.png 2.01907 0.902904 2.07695 0.0548628 0.046813 0.960496 -0.268787
i0618.png 3.56722 -0.207028 0.653376 0.802565 0.092548 0.587987 -0.039946
i0320.png 2.21581 0.77598 1.86561 -0.0539136 0.0423604 0.96774 -0.242444
i0878.png 0.197002 0.560812 3.19036 0.551614 0.0214108 0.824314 -0.125583
i0272.png -2.38966 0.133584 2.93886 0.324279 0.0656305 0.941154 -0.0690263
i0511.png 2.26792 -0.592984 2.79165 0.943684 0.180142 0.27307 0.0494288
i0273.png -2.47225 0.121956 2.87214 0.337124 0.0708874 0.936541 -0.0649115
i0642.png 3.04987 0.0347282 1.50729 0.925753 0.059187 0.373462 0.0022851
i0334.png 3.15702 0.0612463 0.555411 -0.185736 0.0155712 0.979284 -0.0791404
i0744.png -2.87912 0.160546 0.655951 -0.394004 0.0521247 0.906285 -0.143846
i0764.png -2.04749 -0.0167813 -2.72466 -0.115185 0.0446991 0.989405 -0.0762379
i0575.png 0.973441 -0.711574 2.9924 0.976565 0.183943 0.109096 0.0241851
i0562.png 2.23501 0.147886 2.45854 0.940273 0.04787 0.336767 -0.0135274
i0306.png 3.15057 -0.0612558 -0.183301 0.602933 0.0294027 -0.796801 0.0267571
i0451.png 0.663812 -0.298794 -2.2342 0.0199976 0.0199964 0.989808 -0.139576
i0468.png -2.24187 -0.692626 -2.56688 -0.330148 0.0744895 0.916878 -0.211632
i0402.png 2.91384 0.042228 1.2426 0.158048 0.0554243 0.979541 -0.111574
i0941.png 0.89254 -0.335087 3.17152 0.49383 0.100474 0.863734 -0.00092004
i0690.png 1.79039 0.124628 -3.5706 0.714324 0.0244428 -0.697539 0.0508216
i0775.png -3.30355 -0.169228 1.62819 0.784759 0.0294833 -0.606307 0.125204
i0601.png -9.52307 -1.06074 -31.587 0.966879 0.0412312 -0.244687 0.0597794
i0350.png -2.23116 -0.55202 -2.83066 0.950056 -0.0387056 -0.293904 0.0975538
i0092.png -2.80133 -0.06833 0.630052 0.482419 -0.00161175 0.868713 -0.112277
i0031.png -2.23994 1.8713 2.50721 0.193219 0.035216 0.924617 -0.326359
i0050.png 2.79073 0.413892 2.65383 -0.456981 0.0275158 0.876735 -0.147469
i0854.png -2.70162 0.106886 0.0217552 0.994119 0.0631402 0.0878466 0.00485049
i0542.png -0.833937 0.415119 3.13097 0.988914 0.00551215 -0.141329 0.0452272
i0825.png -0.373088 0.461444 2.21979 0.947584 0.0244589 0.316014 -0.040277
i0503.png 2.91257 0.172253 2.0801 0.908951 0.0543956 0.41334 -0.000119894
i0413.png 2.68541 -0.00609702 1.30504 0.247347 0.0648696 0.957368 -0.134378
i0598.png -4.66607 -1.94622 -32.6189 0.945546 0.0281962 -0.315297 0.0757381
i0259.png -0.561611 0.854678 3.64967 0.0521337 0.0689214 0.981179 -0.172683
i0219.png 1.78402 0.195561 2.88983 0.536311 0.0452802 -0.835361 0.111764
i0164.png 2.58671 -0.0860575 2.80555 0.921677 0.062568 -0.377946 0.0612588
i0685.png 3.68834 -0.00326772 -1.37144 -0.42181 0.00843594 0.904833 -0.0572866
i0145.png -2.35185 0.508267 3.0221 -0.44184 0.0132712 0.87261 -0.207734
i0448.png 1.22335 -0.25186 -1.7941 0.136698 0.0696395 0.980502 -0.122801
i0706.png -1.65695 -0.356511 4.21252 0.598903 0.0418132 -0.797722 0.0566335
i0932.png -0.412378 -0.0664686 3.29147 0.655393 0.0841557 0.750351 -0.0187588
i0773.png -3.61262 -0.0687849 0.823676 0.700908 0.0200234 -0.707036 0.0917951
i0669.png 3.2333 0.444375 1.26531 0.993868 -0.0254193 0.0946244 0.0512428
i0806.png -2.31742 0.0970467 0.416825 0.855385 -0.0131483 -0.508151 0.0996313
i0842.png -2.4024 -0.0483193 -0.577949 0.982375 0.00108511 -0.176843 0.0605331
i0673.png 3.28798 0.228832 1.4553 0.998299 0.0163087 0.031666 0.0461519
i0659.png 3.33079 0.147193 0.244609 0.930068 -0.0815195 0.354951 -0.0483534
i0388.png -0.962248 0.731846 2.77847 0.790052 0.000651083 0.604224 -0.103584
i0798.png -1.63192 0.690382 2.2582 0.956783 -0.0876813 -0.256162 0.10611
i0719.png -1.96795 0.616671 3.421 0.523369 -0.0428091 -0.838121 0.147669
i0678.png 3.51132 0.101016 1.37317 0.994363 0.0844612 0.00612406 0.0638038
i0069.png 2.09746 1.02175 2.4476 -0.231637 0.142397 0.918804 -0.286124
i0041.png 0.740951 1.46977 3.568 -0.192088 0.0661529 0.945312 -0.255169
i0412.png 2.5987 -0.0198636 1.51296 0.285355 0.0684632 0.948351 -0.120481
i0683.png 3.93101 0.279251 -0.753998 0.963751 0.0907687 0.242995 0.0624427
i0815.png -1.82351 -0.173497 1.5621 0.967289 0.118328 -0.219448 0.0468383
i0638.png 3.31722 -0.143013 0.988081 0.866962 0.0995074 0.488316 -0.00477491
i0237.png 4.00199 0.224613 -0.459078 0.831231 0.0254425 -0.544102 0.111178
i0021.png -3.33922 0.427679 2.36345 0.35515 0.04548 0.926804 -0.113285
i0084.png -2.91194 -0.00499715 0.578856 0.590284 0.0112755 0.801292 -0.0967916
i0223.png 1.89929 0.241069 2.94364 0.514928 0.0283656 -0.849005 0.115048
i0465.png -0.785183 -0.840569 -3.13005 -0.118045 0.0817538 0.96781 -0.206699
i0567.png 2.62729 -0.202452 1.99189 0.90604 0.11338 0.407708 0.00327319
i0094.png -2.80524 -0.0472755 0.446472 0.488132 -0.00421897 0.863583 -0.126232
i0568.png 2.62025 -0.253759 1.98622 0.905881 0.124746 0.404631 0.00953974
i0471.png -3.30164 -0.333753 -1.32602 0.541443 -0.0689766 -0.815828 0.191066
i0643.png 3.06597 0.166555 1.43169 0.927572 0.0366362 0.371769 0.00753586
i0804.png -2.3228 0.314677 0.63831 0.863081 -0.0691906 -0.489705 0.102434
i0901.png -3.26998 -0.0207218 0.545911 0.969428 0.0275834 0.242604 0.0243412
i0261.png -0.98115 0.66822 3.59282 0.107541 0.0515463 0.981576 -0.149285
i0442.png 2.09831 0.0966307 0.245965 0.585582 0.0373176 0.805206 -0.0856955
i0030.png -2.56198 1.70494 2.4017 0.236874 0.0231901 0.919373 -0.31322
i0767.png -2.82097 -0.11843 -2.13857 -0.282914 0.0147641 0.954971 -0.0881629
i0006.png 0.152731 0.267668 4.24765 -0.109859 0.0417512 0.988412 -0.0960715
i0778.png -2.1509 0.0136183 2.96618 0.918689 0.0442273 -0.386758 0.0668795
i0351.png -2.7442 -0.465826 -2.36529 0.974318 -0.0394806 -0.205806 0.0823975
i0679.png 3.58268 0.0390757 1.2977 0.994613 0.087226 0.0107482 0.054973
i0104.png -2.85686 -0.159529 -0.49576 0.494308 -0.0187318 0.847289 -0.193416
