thumb0443.jpg 0.289686 -0.128967 1.35415 -0.0193657 0.0457088 0.995492 0.0808191
thumb0871.jpg -0.558581 0.120092 4.03564 0.992021 -0.0543929 -0.11077 0.0257858
thumb0216.jpg 2.06291 -0.324717 4.00691 -0.237595 0.0451817 0.968305 0.0623923
thumb1077.jpg -0.661677 0.110804 -1.13858 0.646263 0.027514 0.759233 0.0717796
thumb0010.jpg 0.0823154 -0.0344362 0.415258 0.999284 0.0307735 0.0210102 0.00651255
thumb0064.jpg 0.0768413 0.0314691 -0.813994 0.999115 -0.00717881 -0.0398009 0.0115335
thumb0135.jpg 1.3387 -0.0618706 -2.50009 0.963301 -0.0508684 -0.263364 0.0101676
thumb0709.jpg -2.23026 -0.665544 8.20695 0.988281 -0.000539914 -0.151497 0.0186961
thumb0102.jpg 0.250293 0.0610298 -1.90158 0.99625 -0.0129553 -0.0845029 0.0133213
thumb0807.jpg 2.80846 -0.375425 5.33236 0.977916 0.00258524 0.206452 0.032419
thumb1084.jpg -0.618835 0.0163955 -1.31905 0.675907 -0.00309213 0.736122 0.0355603
thumb0612.jpg 0.629578 -0.12562 0.971373 -0.17568 0.0481291 0.979753 0.0830958
thumb0531.jpg 0.358606 -0.22184 1.19991 -0.0495487 0.047547 0.990297 0.120817
thumb0592.jpg 0.665082 -0.085349 0.984983 -0.188973 0.0380535 0.978857 0.0684102
thumb0756.jpg -2.00784 -0.441311 7.11143 0.987589 -0.0123645 -0.152742 0.0344362
thumb0842.jpg 0.629236 -0.526485 4.90785 0.99952 0.0123187 0.0273979 -0.00754423
thumb0877.jpg -0.642551 0.401158 3.83345 0.987559 -0.0894121 -0.122487 0.0415783
thumb0941.jpg 0.558911 -0.199768 1.9489 0.995719 0.0101033 0.0829756 0.0394458
thumb0159.jpg 2.71004 -0.474954 -2.19642 0.878545 -0.147645 -0.449336 0.0667579
thumb0983.jpg 0.512474 0.00360419 0.701909 0.984156 -0.0408835 0.169607 0.0316084
thumb0738.jpg -3.6901 0.458189 6.92571 0.963727 -0.0758594 -0.253406 0.0355043
thumb1057.jpg -0.394138 0.112759 -0.827845 0.709409 0.0378764 0.698786 0.0836827
thumb0796.jpg 3.21652 -0.136667 5.47175 0.972117 -0.0142131 0.230954 0.0380363
thumb0155.jpg 2.52717 -0.346229 -2.27487 0.894927 -0.115184 -0.429146 0.0408827
thumb0744.jpg -3.89391 0.543067 6.64541 0.958006 -0.0825092 -0.272783 0.0317233
thumb0546.jpg 0.382616 -0.193043 1.17611 -0.0585258 0.0369781 0.991189 0.112922
thumb1067.jpg -0.560295 0.0950352 -0.956606 0.658364 0.0243761 0.748943 0.0710388
thumb1034.jpg -0.0689446 0.0217295 -0.431769 0.806351 0.00800995 0.588385 0.0594742
thumb0644.jpg 0.619058 -0.0965642 0.926615 -0.175396 0.0444448 0.980805 0.0726821
thumb0884.jpg -0.507522 0.445861 3.64182 0.988594 -0.0958476 -0.106284 0.0468992
thumb0287.jpg -0.524946 -0.105014 2.06467 0.177494 0.0298919 0.981551 0.0644982
thumb0217.jpg 2.0115 -0.32188 3.99775 -0.232033 0.046738 0.969585 0.062301
thumb0569.jpg 0.460613 -0.111579 1.12537 -0.0914358 0.040979 0.991797 0.0793657
thumb0222.jpg 1.76531 -0.155289 3.96655 -0.204552 0.0565479 0.97621 0.0444452
thumb0233.jpg 0.911626 -0.108503 3.90869 -0.0930362 0.0578371 0.99306 0.0427924
thumb0843.jpg 0.630398 -0.561544 4.86908 0.999489 0.0170949 0.0269857 -0.00075401
thumb0793.jpg 3.31958 -0.124341 5.52931 0.970768 -0.0180851 0.23793 0.0259274
thumb0994.jpg 0.521712 0.0866382 0.335766 0.955748 -0.097412 0.275458 0.0343544
thumb0539.jpg 0.385353 -0.192754 1.18501 -0.0593357 0.0295109 0.991263 0.114045
thumb0991.jpg 0.515049 0.0748749 0.447806 0.967522 -0.0880977 0.234534 0.0336742
thumb0171.jpg 3.58595 -0.324948 -1.21608 0.78056 -0.166403 -0.593379 0.104579
thumb0494.jpg 0.286135 -0.198644 1.27654 -0.0193825 0.038572 0.992895 0.110889
thumb0175.jpg 3.80544 -0.253484 -0.800375 0.748573 -0.148154 -0.641994 0.0743881
thumb0395.jpg 0.986762 0.0147213 1.07331 -0.286352 0.041525 0.956974 0.0218855
thumb1051.jpg -0.334379 0.0781693 -0.712615 0.726508 0.0269801 0.68152 0.0835989
thumb0673.jpg -8.73989 -0.0399448 0.90413 0.728728 -0.047723 -0.68313 0.00336977
thumb0594.jpg 0.649533 -0.0504818 0.99396 -0.181416 0.0338855 0.981317 0.0543745
thumb0109.jpg 0.406533 0.0667524 -2.06715 0.993118 -0.0147801 -0.115803 0.00932683
thumb0074.jpg 0.0596176 0.0377575 -1.07784 0.999251 -0.0115036 -0.0367563 0.00378215
thumb0530.jpg 0.356179 -0.215635 1.20325 -0.0484151 0.047506 0.990663 0.118264
thumb0089.jpg 0.138636 0.0191151 -1.52803 0.997772 -0.0226512 -0.0616766 0.0115922
thumb0997.jpg 0.50716 0.119315 0.273883 0.949289 -0.131061 0.283886 0.0328881
thumb0763.jpg 1.50257 -0.279799 7.0559 0.995688 -0.0141308 0.0870927 0.0286511
thumb0800.jpg 2.90328 -0.00961941 5.52055 0.97746 -0.0272956 0.206397 0.0350303
thumb0701.jpg -3.7094 -0.329728 7.77577 0.970252 -0.0189179 -0.241329 0.00364002
thumb0872.jpg -0.577748 0.178621 3.99779 0.991192 -0.061327 -0.113416 0.0302272
thumb0446.jpg 0.218876 -0.138276 1.36192 0.00655057 0.0490341 0.995179 0.0846856
thumb1076.jpg -0.684198 0.100716 -1.10251 0.635785 0.0242937 0.768002 0.0732108
thumb0779.jpg 3.48033 1.45661 5.71202 0.959603 -0.139122 0.243363 0.0241184
thumb0458.jpg 0.240525 -0.170157 1.33799 -0.00144458 0.0316906 0.994514 0.0996774
thumb0456.jpg 0.227654 -0.158009 1.34404 0.00347829 0.0280324 0.995004 0.0957509
thumb1003.jpg 0.436803 0.117656 0.0979967 0.929007 -0.16881 0.328557 0.0223624
thumb0915.jpg 0.121689 -0.0661499 2.73532 0.998993 -0.0257324 -0.0245756 0.0273367
thumb0970.jpg 0.529388 -0.173699 1.0739 0.990886 0.0321294 0.126411 0.0336481
thumb0860.jpg -0.271109 -0.384594 4.3882 0.997306 0.00245172 -0.073213 0.00394095
thumb0321.jpg 0.673335 -0.0994982 1.54426 -0.143937 0.0333825 0.987042 0.0625801
thumb0162.jpg 2.93694 -0.563572 -1.98861 0.857028 -0.16642 -0.481548 0.0769387
thumb1010.jpg 0.352627 0.0561532 -0.0414603 0.911664 -0.148306 0.382946 0.0150462
thumb0204.jpg 3.07683 -0.277188 2.76617 -0.392622 0.0370173 0.917176 0.0571424
thumb0766.jpg 2.42037 0.00400262 6.72952 0.986918 -0.029624 0.153842 0.0380476
thumb0733.jpg -3.35679 0.0013212 7.24651 0.972064 -0.0437473 -0.229082 0.0264265
thumb0512.jpg 0.356388 -0.128071 1.24142 -0.0462293 0.0428963 0.994543 0.0831101
thumb0603.jpg 0.642717 -0.113205 0.97723 -0.180778 0.0439497 0.979376 0.0788033
thumb0261.jpg -0.18044 -0.0462339 2.96353 0.0816764 0.0343078 0.995072 0.0445285
thumb0810.jpg 2.60946 -0.167913 5.33324 0.980311 -0.0125275 0.192189 0.0435599
thumb0290.jpg -0.513878 -0.0955664 1.98124 0.178514 0.0292301 0.98137 0.0647337
thumb0205.jpg 2.99362 -0.282499 2.86076 -0.380262 0.0382421 0.922278 0.0578107
thumb0957.jpg 0.588446 -0.248332 1.43847 0.992138 0.0362206 0.117499 0.0233336
thumb0653.jpg 0.917618 -0.0250677 0.619328 -0.35882 0.0541806 0.931449 0.026734
thumb0359.jpg 1.39467 0.0772012 0.610699 -0.480545 0.0580664 0.874759 -0.0224194
thumb0305.jpg 0.0314393 -0.0440051 1.76846 0.049147 0.00874519 0.997379 0.0523707
thumb0574.jpg 0.551506 -0.0900261 1.07861 -0.132125 0.0369305 0.987985 0.0711649
thumb0700.jpg -3.91049 -0.294356 7.68959 0.966971 -0.0215259 -0.253909 0.00580151
thumb0497.jpg 0.293088 -0.192543 1.27076 -0.021969 0.0375813 0.993103 0.108862
thumb1028.jpg 0.0542927 0.00673312 -0.355145 0.839829 -0.0222015 0.540369 0.0468532
thumb0088.jpg 0.13103 0.0194992 -1.49661 0.997867 -0.0232504 -0.0602809 0.00931525
thumb0079.jpg 0.0526821 0.00961668 -1.26507 0.999075 -0.025696 -0.0322748 0.012156
thumb0839.jpg 0.678173 -0.525866 4.97871 0.999457 0.0117318 0.0307597 -0.00168038
thumb0936.jpg 0.241615 -0.221742 2.14965 0.999778 0.00748639 0.00307833 0.0194733
thumb1045.jpg -0.240601 0.0511537 -0.619961 0.758452 0.0131529 0.647433 0.0735385
thumb0377.jpg 1.19544 0.100308 0.872829 -0.376534 0.0658458 0.923593 -0.0293747
thumb0298.jpg -0.40152 -0.0892351 1.79199 0.164834 0.0256142 0.983765 0.0661748
thumb0488.jpg 0.307621 -0.190699 1.28162 -0.0271424 0.0247467 0.99323 0.110208
thumb0790.jpg 3.40346 0.319881 5.58764 0.968419 -0.0572046 0.24228 0.0138527
thumb0599.jpg 0.640433 -0.0644843 0.990482 -0.177987 0.0407774 0.981488 0.0577916
thumb0604.jpg 0.646301 -0.10313 0.974046 -0.182543 0.0396931 0.97946 0.0758969
thumb0544.jpg 0.380866 -0.206634 1.17754 -0.0579048 0.0367153 0.990602 0.118353
thumb0729.jpg -3.24616 -0.0640422 7.38317 0.974144 -0.0405026 -0.219944 0.0320477
thumb0844.jpg 0.628138 -0.571759 4.83102 0.999457 0.0190802 0.0262473 0.00574355
thumb0656.jpg 0.992694 -0.00257661 0.486215 -0.421904 0.0460302 0.905291 0.018055
thumb0091.jpg 0.141329 0.00717911 -1.57396 0.997764 -0.0263166 -0.0602731 0.0119258
thumb0245.jpg 0.241623 -0.0913343 3.56622 0.00798517 0.0468263 0.997833 0.0455315
thumb0495.jpg 0.282785 -0.202377 1.27534 -0.0182182 0.0411423 0.992701 0.111894
thumb0096.jpg 0.175567 0.0325715 -1.74253 0.997514 -0.0182352 -0.0679947 0.00330178
thumb0614.jpg 0.614273 -0.139908 0.975253 -0.168832 0.0519935 0.980301 0.0883306
thumb0130.jpg 1.20437 -0.00182678 -2.40131 0.967908 -0.0373327 -0.248462 0.00523494
thumb0863.jpg -0.485726 -0.373497 4.28333 0.995139 0.00188571 -0.0984604 0.000132267
thumb0520.jpg 0.350066 -0.165183 1.22797 -0.0443748 0.0414274 0.993274 0.0986011
thumb0405.jpg 0.867111 -0.0390213 1.15405 -0.237831 0.0432778 0.969406 0.0426075
thumb0001.jpg 0.0826057 -0.0161135 0.489493 0.999732 0.0109247 0.00467406 0.0198806
thumb0448.jpg 0.212255 -0.147214 1.35885 0.00886347 0.0438178 0.995033 0.0889398
thumb0576.jpg 0.610324 -0.0755894 1.04492 -0.159261 0.0431273 0.984326 0.0622733
thumb0951.jpg 0.581632 -0.254984 1.61861 0.993926 0.0301269 0.103487 0.0222021
thumb0172.jpg 3.63262 -0.285376 -1.13952 0.775026 -0.160034 -0.602818 0.101656
thumb0676.jpg -8.50682 0.130378 2.16166 0.776126 -0.057107 -0.627974 0.00385097
thumb0707.jpg -2.57126 -0.617569 8.12428 0.984831 -0.00397866 -0.17221 0.020882
thumb1032.jpg -0.0319338 0.0118099 -0.406279 0.816392 -0.00734711 0.574584 0.0574807
thumb0090.jpg 0.141917 0.0123806 -1.54009 0.997758 -0.024245 -0.0614947 0.0104795
thumb0772.jpg 3.32284 0.765065 6.11883 0.970149 -0.0869767 0.225358 0.021418
thumb0193.jpg 3.90094 -0.221294 1.44245 0.554544 -0.0407793 -0.829934 -0.0450315
thumb0059.jpg 0.0813182 0.00272026 -0.687174 0.998856 -0.0254412 -0.0400694 0.00578454
thumb0211.jpg 2.45354 -0.298782 3.89199 -0.282224 0.0392884 0.956695 0.059498
thumb0189.jpg 4.04906 -0.181301 0.918101 0.612132 -0.0497776 -0.788506 -0.0327751
thumb0386.jpg 1.05209 0.0292707 1.02829 -0.310545 0.0706404 0.94793 0.000555633
thumb0372.jpg 1.27048 0.0776551 0.775548 -0.414166 0.0789188 0.906198 -0.0323066
thumb0666.jpg 1.08703 0.00940197 -0.187867 0.679895 -0.0424308 -0.732068 -0.00420214
thumb0115.jpg 0.618086 0.07361 -2.1917 0.987734 -0.0157084 -0.155238 0.00595069
thumb1091.jpg -0.576491 -0.0685304 -1.47341 0.698814 -0.0300293 0.714331 0.0221158
thumb0549.jpg 0.379378 -0.185135 1.17464 -0.0568058 0.0285558 0.991654 0.112159
thumb0105.jpg 0.34254 0.07545 -1.96 0.994478 -0.0114201 -0.104075 0.00720919
thumb1001.jpg 0.456674 0.122906 0.14601 0.938222 -0.163123 0.304483 0.0204906
thumb0704.jpg -3.01911 -0.456722 8.02634 0.980095 -0.0105425 -0.198247 -0.000443753
thumb0541.jpg 0.393229 -0.193109 1.18056 -0.0625912 0.0310067 0.991017 0.114042
thumb0334.jpg 1.09823 -0.153219 1.17703 -0.30419 0.0395616 0.948653 0.0772036
thumb0447.jpg 0.213725 -0.145492 1.36 0.00834937 0.0476239 0.994977 0.0876507
thumb0070.jpg 0.0803732 0.0432435 -0.98671 0.999082 -0.00463135 -0.0425442 -0.00187977
thumb0749.jpg -4.10664 0.263362 6.39476 0.953365 -0.0642054 -0.293672 0.0270194
thumb0754.jpg -2.86751 -0.382852 6.87824 0.976718 -0.0187205 -0.210807 0.0351093
thumb0747.jpg -4.1807 0.323891 6.39287 0.951862 -0.0692836 -0.296991 0.0308987
thumb0230.jpg 1.15763 -0.0886528 3.97951 -0.125239 0.0648883 0.989248 0.0386477
thumb0173.jpg 3.68735 -0.23983 -0.980524 0.763884 -0.156434 -0.617897 0.101061
thumb1072.jpg -0.640703 0.0837982 -1.02703 0.639447 0.0203881 0.765554 0.0679644
thumb0678.jpg -8.28412 0.19001 2.88413 0.802371 -0.0580027 -0.593997 0.0019393
thumb0788.jpg 3.38394 0.501963 5.65261 0.968399 -0.0709715 0.238715 0.0134342
thumb0735.jpg -3.58508 0.237541 7.06864 0.967446 -0.0589117 -0.24493 0.0242367
thumb0316.jpg 0.516964 -0.0391265 1.63285 -0.0935504 0.0236374 0.994203 0.0474276
thumb0009.jpg 0.083392 -0.0348596 0.425969 0.999189 0.0316904 0.022255 0.0110677
thumb0977.jpg 0.505767 -0.138159 0.883576 0.98921 0.0291651 0.139731 0.0329788
thumb1024.jpg 0.124173 0.0118091 -0.293668 0.856151 -0.0498876 0.511987 0.04885
thumb0185.jpg 4.08182 -0.0739081 0.135799 0.674794 -0.069384 -0.734727 0.00390467
thumb0364.jpg 1.37763 0.0996048 0.608674 -0.47534 0.0686141 0.876225 -0.039669
thumb0492.jpg 0.295737 -0.188895 1.27856 -0.0225112 0.0251533 0.9934 0.109625
thumb0855.jpg 0.145196 -0.448483 4.55628 0.999648 0.00805343 -0.0246526 -0.00553713
thumb0590.jpg 0.669915 -0.0875562 0.985474 -0.190942 0.0434521 0.978334 0.0671997
thumb0572.jpg 0.518547 -0.0960516 1.09797 -0.117174 0.039207 0.98964 0.0731113
thumb0234.jpg 0.827646 -0.0994985 3.88941 -0.081488 0.0553541 0.994227 0.0425289
thumb0868.jpg -0.575744 -0.181888 4.13573 0.993429 -0.0182659 -0.112185 0.0134115
thumb0899.jpg -0.112466 0.108843 3.23154 0.996622 -0.0500088 -0.0566917 0.032102
thumb0056.jpg 0.0691686 -0.00278744 -0.602524 0.998903 -0.0346464 -0.0298734 0.00996211
thumb0035.jpg 0.0675618 0.0118356 -0.0803548 0.999731 -0.00132449 -0.020818 0.0101283
thumb0262.jpg -0.207095 -0.0364301 2.93478 0.0868296 0.030998 0.99478 0.0437278
thumb0670.jpg -8.7745 -0.248169 -0.473459 0.673866 -0.0323298 -0.738145 0.000700379
thumb0019.jpg 0.079176 -0.0119642 0.271345 0.999947 0.00843563 -0.00546696 -0.00219889
thumb0139.jpg 1.58979 -0.204843 -2.47787 0.950409 -0.0767584 -0.301259 0.00864946
thumb0885.jpg -0.489439 0.457506 3.61615 0.988906 -0.0972057 -0.104607 0.0409039
thumb0534.jpg 0.361931 -0.207452 1.19713 -0.0502168 0.0361821 0.991078 0.118038
thumb0343.jpg 1.31807 -0.0402354 0.860441 -0.415276 0.0201639 0.908085 0.0502053
thumb0813.jpg 2.28399 -0.400127 5.38019 0.985772 0.000948456 0.16711 0.0180586
thumb0218.jpg 1.95554 -0.284107 3.98053 -0.225907 0.0476607 0.97122 0.0585306
thumb0195.jpg 3.77667 -0.263904 1.75895 0.52226 -0.0401811 -0.85021 -0.0526637
thumb0062.jpg 0.0812481 0.0149881 -0.752512 0.99896 -0.0176408 -0.0410659 0.00897563
thumb0619.jpg 0.606075 -0.129942 0.973061 -0.165228 0.0422601 0.981394 0.0882034
thumb0752.jpg -3.5752 -0.156228 6.61262 0.965021 -0.0341213 -0.258535 0.0270199
thumb0073.jpg 0.0723082 0.0344627 -1.05084 0.999048 -0.0109916 -0.04211 0.00291662
thumb0795.jpg 3.22478 -0.171015 5.50882 0.972324 -0.0132018 0.231167 0.0311959
thumb0281.jpg -0.432222 -0.105204 2.25936 0.151354 0.0226003 0.98633 0.0611029
thumb0015.jpg 0.0827539 -0.0156578 0.337357 0.999895 0.0136143 0.00454747 0.00181939
thumb1029.jpg 0.0314382 0.00603879 -0.371665 0.832845 -0.0202216 0.55084 0.0503605
thumb0246.jpg 0.196656 -0.0965942 3.52797 0.0148025 0.0471208 0.997705 0.046309
thumb1046.jpg -0.265529 0.0526278 -0.630471 0.749492 0.0112608 0.657154 0.0792649
thumb0412.jpg 0.73906 -0.0454656 1.22801 -0.186666 0.054207 0.980022 0.0421177
thumb0269.jpg -0.302587 -0.073099 2.70436 0.112145 0.0295134 0.99195 0.0508656
thumb1078.jpg -0.646355 0.113742 -1.16981 0.653972 0.029679 0.752981 0.0667746
thumb0862.jpg -0.432135 -0.371041 4.3216 0.995781 0.00150454 -0.0917304 -0.00193722
thumb0891.jpg -0.313135 0.356522 3.4752 0.992542 -0.0845539 -0.082124 0.0310932
thumb0720.jpg -2.2582 -0.73846 7.92445 0.988038 0.00586637 -0.154053 0.00372111
thumb0902.jpg -0.0696323 0.0833459 3.12951 0.997026 -0.0473604 -0.0503995 0.0339909
thumb0052.jpg 0.0539047 0.0142274 -0.511549 0.99931 -0.0203628 -0.0258672 0.0171966
thumb0561.jpg 0.41279 -0.156865 1.15026 -0.0709899 0.0318644 0.99187 0.100693
thumb1097.jpg -0.486408 -0.099741 -1.57192 0.72205 -0.0378742 0.690454 0.0219581
thumb0422.jpg 0.619086 -0.132998 1.27007 -0.143028 0.0679407 0.984781 0.0716519
thumb0702.jpg -3.51511 -0.389673 7.85115 0.973217 -0.0154999 -0.229322 0.00441713
thumb1042.jpg -0.188625 0.0503569 -0.571933 0.771839 0.0199272 0.631873 0.0678466
thumb0717.jpg -2.02971 -0.855307 8.06311 0.990034 0.0124052 -0.140115 0.00690027
thumb0352.jpg 1.38346 0.0631802 0.683645 -0.464448 0.0438535 0.884498 -0.00525559
thumb1021.jpg 0.168893 0.0120225 -0.241421 0.866698 -0.0591516 0.494269 0.0321505
thumb0692.jpg -5.67996 -0.0838265 6.58547 0.929162 -0.0358825 -0.367853 0.00738392
thumb0575.jpg 0.598207 -0.0837865 1.05219 -0.153645 0.0404065 0.985027 0.0669481
thumb0264.jpg -0.138658 -0.0463124 2.87625 0.0767843 0.0321242 0.995489 0.0455495
thumb0708.jpg -2.41415 -0.635791 8.164 0.986408 -0.00291907 -0.16277 0.0222819
thumb0609.jpg 0.662334 -0.124601 0.953218 -0.191818 0.0368302 0.976855 0.0871934
thumb0417.jpg 0.679265 -0.115885 1.24838 -0.165524 0.0510846 0.982389 0.0700298
thumb1031.jpg -0.0170085 0.0105627 -0.390883 0.819678 -0.00921913 0.570405 0.0517736
thumb0607.jpg 0.659121 -0.121036 0.959524 -0.189918 0.0403177 0.977367 0.0840183
thumb0527.jpg 0.346288 -0.198155 1.21258 -0.0432589 0.0289325 0.99196 0.115355
thumb0982.jpg 0.511626 -0.00824918 0.732131 0.985263 -0.0324852 0.164307 0.0347057
thumb0376.jpg 1.20492 0.0930158 0.86295 -0.380836 0.0685024 0.921662 -0.0284847
thumb0433.jpg 0.49085 -0.115455 1.31079 -0.0940474 0.0508921 0.991637 0.0722627
thumb0036.jpg 0.0668203 0.0132817 -0.0921232 0.999732 -0.00357422 -0.0208699 0.00935278
thumb0101.jpg 0.231514 0.0642536 -1.87412 0.996601 -0.0118121 -0.0807452 0.0113182
thumb1064.jpg -0.501373 0.100461 -0.926569 0.677392 0.0236179 0.729957 0.0880065
thumb1015.jpg 0.276748 0.0216884 -0.141457 0.892581 -0.113093 0.436207 0.0152256
thumb0388.jpg 1.03751 0.0464634 1.03806 -0.305102 0.0613764 0.950339 -0.000934528
thumb0407.jpg 0.835378 -0.0313206 1.17398 -0.224898 0.0422134 0.972627 0.0404464
thumb0066.jpg 0.079498 0.035574 -0.877939 0.999107 -0.00512241 -0.0404964 0.0108802
thumb0741.jpg -3.79836 0.51206 6.77673 0.960307 -0.0823082 -0.262962 0.0434349
thumb0184.jpg 4.06803 -0.134908 -0.067542 0.692418 -0.0797555 -0.717056 0.00514776
thumb0357.jpg 1.39636 0.0965393 0.61804 -0.480195 0.045852 0.875706 -0.0212277
thumb0082.jpg 0.0839784 0.0253519 -1.33922 0.998826 -0.0205637 -0.043841 -0.00135404
thumb0157.jpg 2.61909 -0.443863 -2.23465 0.886553 -0.135139 -0.439569 0.0504086
thumb0207.jpg 2.81037 -0.276279 3.0453 -0.353558 0.0386244 0.932837 0.0576249
thumb0429.jpg 0.577549 -0.125526 1.27939 -0.127412 0.0541343 0.987612 0.073876
thumb0984.jpg 0.513477 0.0173503 0.671764 0.983021 -0.0470167 0.174127 0.0337555
thumb0449.jpg 0.208031 -0.145917 1.35779 0.0104702 0.0395868 0.995169 0.089234
thumb0897.jpg -0.136891 0.221431 3.30195 0.995385 -0.0666068 -0.0591163 0.0357347
thumb0745.jpg -4.00733 0.453879 6.55397 0.9558 -0.0769286 -0.282065 0.0311132
thumb0336.jpg 1.175 -0.134725 1.08967 -0.338221 0.0337976 0.937565 0.0737357
thumb0049.jpg 0.0572968 0.0190906 -0.424784 0.999675 -0.0151748 -0.0199231 -0.00466133
thumb0979.jpg 0.509249 -0.129984 0.820802 0.987568 0.0305983 0.150826 0.0320071
thumb0347.jpg 1.34379 -0.0272077 0.793861 -0.433712 0.0384165 0.899567 0.0346036
thumb0758.jpg -1.25499 -0.507658 7.2285 0.99423 -0.00536134 -0.102471 0.0312532
thumb0562.jpg 0.432365 -0.155121 1.14151 -0.0794993 0.035749 0.991274 0.0988815
thumb0955.jpg 0.590314 -0.247954 1.5087 0.992497 0.0355331 0.113716 0.0274798
thumb0061.jpg 0.0834131 0.00305109 -0.72712 0.998802 -0.0247585 -0.0417644 0.00603795
thumb0471.jpg 0.286359 -0.161027 1.31349 -0.0183002 0.0244179 0.994714 0.0980405
thumb0895.jpg -0.216248 0.22723 3.35686 0.994654 -0.0667572 -0.0693902 0.0373201
thumb0888.jpg -0.456229 0.415912 3.5459 0.98994 -0.0920857 -0.101876 0.0340536
thumb1070.jpg -0.613612 0.104875 -0.999421 0.643774 0.0278444 0.761723 0.0675112
thumb0075.jpg 0.0532464 0.0409721 -1.11873 0.999332 -0.010895 -0.0342657 0.00650664
thumb0781.jpg 3.45133 1.39847 5.67375 0.96049 -0.13783 0.241303 0.0153106
thumb0282.jpg -0.425568 -0.0994072 2.23727 0.150922 0.0267423 0.986312 0.0607983
thumb0283.jpg -0.440875 -0.105457 2.21341 0.155246 0.0281167 0.98547 0.062904
thumb0472.jpg 0.282131 -0.16792 1.31163 -0.0168445 0.0271368 0.994463 0.10012
thumb0563.jpg 0.444702 -0.135586 1.13771 -0.0844764 0.0310919 0.991678 0.0920426
thumb0451.jpg 0.20126 -0.152018 1.3561 0.0127977 0.0398231 0.994913 0.0916436
thumb1053.jpg -0.36223 0.0841386 -0.746396 0.716153 0.0250145 0.69136 0.0923027
thumb0201.jpg 3.29983 -0.249092 2.49294 -0.427937 0.0339143 0.901579 0.053613
thumb0611.jpg 0.646404 -0.11561 0.962891 -0.18369 0.041621 0.978758 0.080991
thumb0394.jpg 0.996956 0.00190361 1.06595 -0.29029 0.0509856 0.955326 0.0219961
thumb0337.jpg 1.20652 -0.121496 1.04799 -0.35329 0.0312985 0.932312 0.0707148
thumb0535.jpg 0.365931 -0.20777 1.19449 -0.0518503 0.0349923 0.990972 0.118581
thumb0461.jpg 0.264129 -0.161383 1.32974 -0.0100051 0.0276361 0.994839 0.0971122
thumb0002.jpg 0.0834649 -0.016516 0.484034 0.999789 0.011735 0.00609536 0.0157344
thumb0593.jpg 0.650055 -0.0550151 0.995126 -0.181328 0.0371403 0.981178 0.0550482
thumb0242.jpg 0.383013 -0.0776768 3.65513 -0.013959 0.050854 0.997685 0.0429322
thumb0682.jpg -7.69491 0.150924 4.18409 0.848152 -0.0527043 -0.52712 0.00230734
thumb0257.jpg -0.0870226 -0.0396213 3.11419 0.0637165 0.0303026 0.996566 0.0433316
thumb0339.jpg 1.25945 -0.0812098 0.971932 -0.380182 0.0201505 0.922495 0.0637042
thumb0012.jpg 0.0861911 -0.0280432 0.383286 0.999435 0.0273065 0.018613 0.00606118
thumb0293.jpg -0.455915 -0.0529329 1.91655 0.17003 0.0317093 0.983404 0.0547766
thumb0408.jpg 0.821131 -0.0315543 1.18225 -0.219085 0.0457356 0.973841 0.0392892
thumb0420.jpg 0.647508 -0.122996 1.2596 -0.153543 0.0655623 0.983603 0.0682064
thumb0438.jpg 0.403659 -0.112793 1.33259 -0.0613264 0.0469546 0.994312 0.0733368
thumb0183.jpg 4.03622 -0.154523 -0.267587 0.705779 -0.0919703 -0.70225 0.0162
thumb0475.jpg 0.284735 -0.15381 1.30876 -0.0178357 0.0289482 0.994931 0.094632
thumb0382.jpg 1.13032 0.0826144 0.94741 -0.346059 0.0603226 0.936119 -0.0169203
thumb0934.jpg 0.184772 -0.209048 2.20616 0.999714 0.00316045 -0.0102478 0.0213785
thumb0910.jpg 0.0726932 0.0124368 2.89046 0.998497 -0.0378682 -0.0318565 0.0235616
thumb0008.jpg 0.0848502 -0.0359124 0.451148 0.99917 0.0315157 0.0210328 0.0149636
thumb0255.jpg -0.0630782 -0.0417371 3.16989 0.0586483 0.0304249 0.996906 0.0425714
thumb0925.jpg 0.115584 -0.156146 2.45316 0.999573 -0.011462 -0.0248819 0.0101798
thumb0962.jpg 0.533793 -0.233433 1.3106 0.993208 0.0369465 0.108968 0.0172943
thumb0722.jpg -2.33401 -0.677495 7.86256 0.987252 0.00222191 -0.159023 0.00639156
thumb0083.jpg 0.089796 0.025183 -1.3757 0.998714 -0.0202108 -0.0464864 -0.00094038
thumb0677.jpg -8.40235 0.166765 2.52686 0.789453 -0.057941 -0.611063 0.00287837
thumb0045.jpg 0.0659596 0.0262383 -0.314519 0.999718 0.00212824 -0.022777 -0.00630607
thumb0178.jpg 3.91911 -0.119834 -0.585298 0.731955 -0.114412 -0.669637 0.0523203
thumb0058.jpg 0.0749886 0.00292436 -0.660433 0.998948 -0.0269998 -0.0362437 0.00777936
thumb0252.jpg 0.0135277 -0.070153 3.29343 0.0437951 0.0298885 0.997544 0.0457566
thumb0423.jpg 0.610915 -0.134803 1.27192 -0.140054 0.0634165 0.985345 0.0738806
thumb0792.jpg 3.35323 -0.0236973 5.55865 0.970134 -0.0290557 0.240233 0.0168283
thumb0465.jpg 0.299364 -0.13312 1.32079 -0.0228777 0.0143342 0.995636 0.0893362
thumb0950.jpg 0.583552 -0.26766 1.65098 0.994086 0.0320502 0.10196 0.0192431
thumb0606.jpg 0.654044 -0.105819 0.96623 -0.186899 0.04348 0.978504 0.0755571
thumb0355.jpg 1.39054 0.0672166 0.648177 -0.473041 0.0480403 0.879667 -0.010475
thumb0138.jpg 1.49919 -0.185769 -2.51507 0.955192 -0.0733961 -0.286526 0.0111153
thumb0989.jpg 0.516662 0.0598668 0.519104 0.973347 -0.0828004 0.21221 0.0266027
thumb0444.jpg 0.249444 -0.125763 1.36132 -0.00449126 0.0435635 0.995787 0.0805601
thumb0311.jpg 0.25241 -0.0600409 1.72053 -0.0142088 0.0241168 0.998117 0.0545873
thumb0459.jpg 0.247419 -0.173491 1.33479 -0.00396651 0.0295291 0.994411 0.101283
thumb0662.jpg 1.09622 -0.00146366 0.127863 0.568168 -0.0456521 -0.821549 -0.0126021
thumb0728.jpg -2.93778 -0.0931383 7.53764 0.978729 -0.0377204 -0.199305 0.0307328
thumb0020.jpg 0.0756373 -0.0106504 0.247161 0.999939 0.00786762 -0.00768628 -0.00121114
thumb0396.jpg 0.972829 -0.011017 1.08408 -0.28052 0.0456831 0.958295 0.029888
thumb0442.jpg 0.309494 -0.133134 1.35093 -0.0267422 0.0475949 0.995158 0.0817293
thumb0776.jpg 3.45405 1.13337 5.8812 0.964222 -0.115715 0.237843 0.0177779
thumb0196.jpg 3.70511 -0.257301 1.9063 0.505476 -0.0379195 -0.860359 -0.0532778
thumb0043.jpg 0.0605696 0.0228469 -0.272619 0.999822 -0.000536075 -0.0175662 0.00680025
thumb0521.jpg 0.340177 -0.168401 1.22869 -0.0405697 0.0421726 0.993281 0.0998391
thumb0345.jpg 1.32035 -0.0164171 0.845368 -0.418643 0.025879 0.906974 0.0382908
thumb1096.jpg -0.483583 -0.0971071 -1.56251 0.722191 -0.037573 0.690308 0.0224221
thumb0228.jpg 1.34754 -0.0588983 3.98804 -0.149818 0.0624911 0.986135 0.0344664
thumb0565.jpg 0.451002 -0.125711 1.13425 -0.0871478 0.034163 0.991783 0.0872086
thumb0861.jpg -0.322976 -0.375302 4.36218 0.996858 0.00163184 -0.0791556 0.00255305
thumb0411.jpg 0.755906 -0.0471997 1.21968 -0.193154 0.0559199 0.978676 0.0419261
thumb0737.jpg -3.6336 0.510422 6.97406 0.965228 -0.076427 -0.248814 0.0241856
thumb0013.jpg 0.0848885 -0.0179899 0.364716 0.999726 0.0154093 0.0168625 0.00501355
thumb0021.jpg 0.0728853 -0.00770894 0.225308 0.999918 0.00743725 -0.0100609 0.00288023
thumb0174.jpg 3.75241 -0.261011 -0.863407 0.753929 -0.157786 -0.630853 0.0933756
thumb0617.jpg 0.606734 -0.139046 0.974621 -0.165695 0.0526776 0.980837 0.08791
thumb0797.jpg 3.17025 -0.170633 5.47281 0.973126 -0.0136083 0.227665 0.0317836
thumb0259.jpg -0.140961 -0.0552594 3.04303 0.0738497 0.0337387 0.995646 0.0457822
thumb0279.jpg -0.418348 -0.150519 2.31635 0.145294 0.0284186 0.986502 0.069966
thumb0628.jpg 0.586763 -0.082513 0.974868 -0.15588 0.0412334 0.98465 0.0668302
thumb0657.jpg 1.02066 2.08474e-05 0.423066 -0.449714 0.0463027 0.89184 0.0152942
thumb0852.jpg 0.214426 -0.460119 4.61831 0.999792 0.00802484 -0.0165445 -0.00876709
thumb0734.jpg -3.45391 0.0366689 7.16603 0.970297 -0.0461683 -0.236031 0.0261081
thumb0188.jpg 4.06898 -0.175095 0.709333 0.628492 -0.0572659 -0.775295 -0.0252353
thumb0961.jpg 0.548086 -0.234535 1.34173 0.992931 0.0366252 0.111453 0.0180295
thumb0478.jpg 0.308218 -0.165547 1.29789 -0.0268541 0.025916 0.994311 0.0997643
thumb0278.jpg -0.406924 -0.165312 2.35431 0.141191 0.0272732 0.986941 0.0725893
thumb0167.jpg 3.27341 -0.565771 -1.64848 0.82122 -0.181576 -0.533287 0.0907351
thumb0072.jpg 0.0775729 0.0364126 -1.03407 0.999001 -0.00862228 -0.0438067 -0.00178788
thumb0803.jpg 2.83926 -0.0800965 5.48927 0.978124 -0.0229706 0.20419 0.0324467
thumb0882.jpg -0.535292 0.432788 3.70967 0.988682 -0.0931344 -0.109401 0.0431789
thumb1023.jpg 0.139313 0.00970798 -0.260681 0.859312 -0.057344 0.506256 0.0447104
thumb0533.jpg 0.360035 -0.21628 1.19764 -0.0499362 0.0449327 0.990579 0.119334
thumb1022.jpg 0.152296 0.0105768 -0.258229 0.862394 -0.0597244 0.501192 0.0389448
thumb0142.jpg 1.84084 -0.189776 -2.40829 0.93671 -0.0767309 -0.341368 0.0124693
thumb1068.jpg -0.578287 0.10024 -0.968365 0.652965 0.0263485 0.753881 0.0678686
thumb1087.jpg -0.584802 -0.0473976 -1.39245 0.691542 -0.0216903 0.721727 0.0202536
thumb0528.jpg 0.349284 -0.19621 1.21093 -0.0446382 0.0335384 0.991958 0.11359
thumb1086.jpg -0.577785 -0.0287238 -1.37758 0.691642 -0.0160658 0.721691 0.0231388
thumb0905.jpg -0.0182241 0.0495258 3.05267 0.997496 -0.0417639 -0.0436254 0.0368052
thumb0519.jpg 0.359918 -0.165292 1.22668 -0.0483076 0.0426217 0.993072 0.0982783
thumb0428.jpg 0.587107 -0.121439 1.27692 -0.131057 0.0522088 0.987313 0.0728768
thumb0972.jpg 0.51495 -0.164239 1.02826 0.991265 0.0305282 0.125364 0.0273026
thumb0973.jpg 0.505831 -0.164505 1.00542 0.991476 0.0316027 0.123971 0.0246609
thumb0365.jpg 1.37238 0.0952368 0.614641 -0.472684 0.0719872 0.877367 -0.0401877
thumb0559.jpg 0.398058 -0.163361 1.15732 -0.064811 0.0348895 0.992015 0.102415
thumb0782.jpg 3.47089 1.30169 5.65636 0.960917 -0.131136 0.243375 0.0144836
thumb0360.jpg 1.39359 0.0599205 0.607461 -0.480602 0.0660515 0.874184 -0.0214968
thumb0553.jpg 0.373641 -0.173691 1.17261 -0.0545122 0.0380084 0.992204 0.105426
thumb0587.jpg 0.669473 -0.0733513 0.99076 -0.189714 0.0438167 0.978991 0.0605408
thumb0873.jpg -0.621492 0.216586 3.96372 0.990298 -0.0655951 -0.11932 0.027759
thumb0362.jpg 1.38663 0.0761209 0.60621 -0.47869 0.0674647 0.874899 -0.029264
thumb0948.jpg 0.596099 -0.261304 1.71769 0.994136 0.0294511 0.101313 0.0237042
thumb0615.jpg 0.611844 -0.137232 0.975178 -0.167688 0.0494821 0.980643 0.0881515
thumb0649.jpg 0.740899 -0.0789006 0.825394 -0.243447 0.0558071 0.966599 0.0574855
thumb0894.jpg -0.25823 0.236011 3.39324 0.994061 -0.0677827 -0.0752628 0.0398021
thumb1011.jpg 0.337608 0.0519849 -0.045284 0.909677 -0.142871 0.389675 0.0150979
thumb1008.jpg 0.379709 0.0656866 0.00252012 0.916178 -0.152739 0.370492 0.00485296
thumb0499.jpg 0.302123 -0.165551 1.27012 -0.0249458 0.0286021 0.994218 0.100448
thumb0990.jpg 0.513274 0.0666528 0.48614 0.971089 -0.0857324 0.220858 0.0292743
thumb1048.jpg -0.299037 0.0652184 -0.661598 0.738851 0.0188212 0.66843 0.0833444
thumb0077.jpg 0.0511103 0.041872 -1.18824 0.99934 -0.0107881 -0.0329267 0.0108723
thumb0647.jpg 0.662954 -0.0669293 0.893509 -0.198772 0.0457453 0.977295 0.0573755
thumb0038.jpg 0.0628008 0.0156579 -0.134605 0.999826 -0.0022235 -0.018136 0.00379586
thumb0322.jpg 0.725754 -0.111312 1.51279 -0.161379 0.0328392 0.984128 0.0661151
thumb0067.jpg 0.0809914 0.0354168 -0.900139 0.999091 -0.0061227 -0.0408854 0.0104158
thumb0514.jpg 0.387705 -0.127632 1.22891 -0.0587414 0.0361148 0.994046 0.084371
thumb0134.jpg 1.29517 -0.0621114 -2.50057 0.964975 -0.0495955 -0.257539 0.00608943
thumb0930.jpg 0.150242 -0.19968 2.32149 0.99965 -0.000327908 -0.0172722 0.0200173
thumb0325.jpg 0.830207 -0.105171 1.43612 -0.198184 0.0268664 0.977574 0.0659558
thumb0804.jpg 2.85402 -0.188656 5.43816 0.977691 -0.0124397 0.206409 0.0368785
thumb0731.jpg -3.32637 -0.028532 7.31614 0.972624 -0.0427723 -0.226191 0.0317809
thumb0366.jpg 1.36653 0.0884489 0.622065 -0.469783 0.0738306 0.878844 -0.0385599
thumb0705.jpg -2.87909 -0.527929 8.05383 0.981731 -0.00743168 -0.190008 0.00683591
thumb0023.jpg 0.0698553 -0.00337183 0.193776 0.999833 0.00716392 -0.0155979 0.00629166
thumb0711.jpg -2.04204 -0.77067 8.19233 0.989909 0.00611615 -0.140666 0.0160188
thumb1016.jpg 0.258429 0.0217545 -0.160748 0.888008 -0.103572 0.447415 0.0231212
thumb0414.jpg 0.712588 -0.0558548 1.24005 -0.176915 0.0518643 0.981726 0.0471792
thumb0274.jpg -0.402278 -0.158238 2.48671 0.13587 0.0338723 0.9878 0.0681372
thumb1095.jpg -0.505208 -0.0930461 -1.54812 0.716713 -0.0374724 0.695919 0.0247985
thumb0333.jpg 1.0721 -0.147586 1.20697 -0.292601 0.036795 0.952459 0.0765084
thumb0818.jpg 2.03514 -0.518391 5.29647 0.988477 0.0128867 0.148912 0.0239236
thumb0909.jpg 0.0563936 0.0256515 2.91975 0.998151 -0.0394994 -0.0343733 0.0308564
thumb1018.jpg 0.219304 0.0182984 -0.194517 0.877205 -0.0841411 0.471736 0.0299357
thumb1002.jpg 0.445013 0.124773 0.121878 0.934425 -0.168668 0.312647 0.0255629
thumb0390.jpg 1.02846 0.0162094 1.04365 -0.302539 0.0584114 0.951265 0.0123666
thumb0846.jpg 0.59827 -0.553623 4.75915 0.999566 0.0174116 0.023264 0.00480709
thumb0224.jpg 1.66988 -0.109628 3.96151 -0.19221 0.0563853 0.978924 0.0397878
thumb0706.jpg -2.71706 -0.568101 8.0931 0.983492 -0.00583688 -0.180423 0.0124953
thumb0786.jpg 3.44967 0.901864 5.6274 0.964467 -0.101242 0.243524 0.0158037
thumb1088.jpg -0.580486 -0.0578887 -1.41672 0.694419 -0.0258812 0.718813 0.0204948
thumb0900.jpg -0.104212 0.0924 3.20472 0.996836 -0.047914 -0.0557141 0.0303095
thumb0924.jpg 0.108712 -0.149231 2.48928 0.999544 -0.0128509 -0.0264854 0.00674542
thumb1049.jpg -0.310298 0.0695535 -0.676704 0.735186 0.0214472 0.672179 0.0849572
thumb0247.jpg 0.14151 -0.0930824 3.49827 0.0231796 0.0462962 0.997587 0.0462487
thumb0896.jpg -0.18939 0.229339 3.32408 0.99485 -0.0674959 -0.0659858 0.0369173
thumb0640.jpg 0.545383 -0.0896462 0.978978 -0.136616 0.0518428 0.987005 0.0668584
thumb0410.jpg 0.769496 -0.0450369 1.21309 -0.198354 0.0557651 0.977681 0.0410525
thumb1040.jpg -0.157752 0.0440154 -0.535025 0.779883 0.0164464 0.621887 0.069049
thumb0671.jpg -8.78788 -0.189455 -0.0152818 0.692622 -0.0371498 -0.720341 0.00187238
thumb0473.jpg 0.280364 -0.162873 1.31074 -0.0161602 0.0281419 0.99465 0.0980686
thumb0136.jpg 1.3978 -0.0709779 -2.5066 0.960634 -0.0529327 -0.272484 0.0115715
thumb0419.jpg 0.659678 -0.116869 1.25545 -0.158006 0.0571916 0.983395 0.0685319
thumb0111.jpg 0.442856 0.0802777 -2.10479 0.992394 -0.0130259 -0.12213 0.0082462
thumb0132.jpg 1.25123 -0.0141947 -2.46698 0.966539 -0.0388648 -0.253542 0.00282918
thumb0785.jpg 3.4233 1.05258 5.64577 0.963865 -0.111884 0.241037 0.0186603
thumb0028.jpg 0.0733573 0.00287878 0.0814997 0.999865 0.00398301 -0.0146539 0.00630302
thumb0946.jpg 0.614808 -0.243381 1.77355 0.993869 0.0237389 0.103017 0.0323812
thumb0627.jpg 0.58474 -0.0878237 0.977424 -0.154785 0.0385599 0.984682 0.0703971
thumb0765.jpg 2.13636 -0.126935 6.84723 0.990354 -0.0222525 0.132936 0.0321221
thumb0689.jpg -6.32599 -0.0224886 6.00225 0.909609 -0.0407297 -0.413394 0.00757117
thumb0912.jpg 0.102861 -0.0569077 2.8371 0.999078 -0.0271982 -0.027787 0.0182126
thumb0974.jpg 0.498602 -0.166573 0.978363 0.991478 0.0330242 0.124044 0.0222253
thumb0642.jpg 0.56733 -0.0960132 0.962938 -0.148207 0.0483249 0.985206 0.0711959
thumb0923.jpg 0.105386 -0.138442 2.51507 0.999456 -0.0145818 -0.0274179 0.0111029
thumb0919.jpg 0.127767 -0.112863 2.61027 0.999258 -0.0179238 -0.0230984 0.0250772
thumb1073.jpg -0.65653 0.0808325 -1.03818 0.636899 0.0194845 0.767742 0.0674735
thumb0141.jpg 1.8056 -0.183769 -2.39038 0.938112 -0.0759344 -0.337647 0.0131681
thumb0939.jpg 0.445574 -0.208799 2.02391 0.998085 0.00822316 0.0532229 0.0304378
thumb1059.jpg -0.421753 0.100779 -0.86164 0.702735 0.0292743 0.705767 0.0848495
thumb0431.jpg 0.529417 -0.113626 1.29828 -0.108727 0.0466778 0.990347 0.0722017
thumb0630.jpg 0.597004 -0.0705312 0.967271 -0.161161 0.033762 0.984247 0.064385
thumb0960.jpg 0.562396 -0.233496 1.3706 0.992652 0.0351637 0.114276 0.0186129
thumb0373.jpg 1.25663 0.062069 0.796556 -0.406661 0.0824365 0.909434 -0.0275902
thumb0780.jpg 3.51693 1.44898 5.65702 0.958715 -0.140144 0.246641 0.0198302
thumb0055.jpg 0.0753749 -0.00104882 -0.571547 0.998847 -0.0339948 -0.031111 0.0134661
thumb0304.jpg -0.0380498 -0.0472855 1.77349 0.0686885 0.0122798 0.99613 0.0534481
thumb0177.jpg 3.88726 -0.16918 -0.633412 0.737018 -0.125763 -0.661644 0.056698
thumb0814.jpg 2.28098 -0.404463 5.33579 0.985582 0.00189271 0.167876 0.0210208
thumb0555.jpg 0.376781 -0.179797 1.16778 -0.0560574 0.0404082 0.991802 0.107486
thumb0306.jpg 0.0860002 -0.0361926 1.76228 0.0336344 0.00751088 0.998147 0.0501435
thumb0467.jpg 0.301615 -0.126689 1.31794 -0.0236432 0.0131609 0.995826 0.0871705
thumb0235.jpg 0.766516 -0.0912156 3.85483 -0.0732025 0.0507815 0.995112 0.0425996
thumb0053.jpg 0.0637716 0.00953692 -0.534653 0.999156 -0.0223743 -0.0303008 0.0163622
thumb0583.jpg 0.652836 -0.0736429 1.00977 -0.180638 0.0444263 0.980666 0.0607471
thumb0942.jpg 0.58574 -0.219479 1.91206 0.995087 0.0151119 0.091286 0.0352193
thumb0940.jpg 0.501017 -0.196637 1.98876 0.996961 0.00786945 0.0673238 0.0384057
thumb0237.jpg 0.657262 -0.098752 3.81845 -0.0575159 0.0396796 0.996522 0.0454093
thumb0231.jpg 1.07036 -0.105967 3.967 -0.113885 0.0641044 0.990567 0.0411954
thumb0384.jpg 1.06984 0.0671518 1.01244 -0.317759 0.0637983 0.945961 -0.0108011
thumb0751.jpg -3.84309 0.017917 6.50133 0.959526 -0.0460827 -0.276752 0.0243797
thumb0853.jpg 0.19315 -0.402133 4.59792 0.999787 0.00184106 -0.0187646 -0.0083381
thumb0762.jpg 1.03368 -0.411847 7.15329 0.99823 -0.00663729 0.0541654 0.0236425
thumb0560.jpg 0.404787 -0.161141 1.15388 -0.0676748 0.0345336 0.991912 0.101679
thumb0165.jpg 3.1537 -0.562427 -1.78307 0.834744 -0.176152 -0.514439 0.0867444
thumb0502.jpg 0.343928 -0.170204 1.25412 -0.0415275 0.0331735 0.993436 0.101293
thumb0029.jpg 0.0737781 0.00444056 0.0591316 0.999835 0.00340315 -0.0145271 0.0103974
thumb0025.jpg 0.0711101 -0.000485446 0.152684 0.999847 0.00705933 -0.0151802 0.00508492
thumb0273.jpg -0.398729 -0.160598 2.52261 0.134319 0.0357037 0.987944 0.0681982
thumb0198.jpg 3.5581 -0.237082 2.10594 -0.474798 0.0336385 0.877876 0.0526199
thumb0597.jpg 0.64755 -0.0700626 0.988406 -0.181272 0.0389498 0.980752 0.0612274
thumb0835.jpg 1.13771 -0.442203 5.02885 0.997189 0.00476864 0.0738961 0.0114103
thumb0121.jpg 0.877395 0.0401913 -2.29109 0.979407 -0.0247196 -0.200358 0.0028555
thumb0799.jpg 2.9682 -0.0100066 5.51267 0.976339 -0.0258468 0.211269 0.0382127
thumb0302.jpg -0.214569 -0.051029 1.75746 0.117636 0.0147084 0.991303 0.0571339
thumb0887.jpg -0.486924 0.439918 3.57276 0.989136 -0.0951142 -0.10519 0.0386975
thumb0307.jpg 0.0863026 -0.0294633 1.75832 0.0334694 0.00511615 0.998248 0.0485304
thumb0314.jpg 0.394821 -0.039862 1.67791 -0.0566784 0.0227427 0.996958 0.0484327
thumb0229.jpg 1.24131 -0.0720642 3.99108 -0.13612 0.0644334 0.987932 0.0361992
thumb0663.jpg 1.10283 0.00283724 0.0403692 0.600369 -0.0440044 -0.798445 -0.0103233
thumb0445.jpg 0.231505 -0.131001 1.36249 0.00199744 0.0490651 0.995438 0.0818007
thumb0753.jpg -3.31874 -0.307729 6.70788 0.969463 -0.0246142 -0.241698 0.0334242
thumb0315.jpg 0.432515 -0.0373286 1.66319 -0.0680576 0.0205801 0.996316 0.0479557
thumb0151.jpg 2.26235 -0.302707 -2.3903 0.914018 -0.100604 -0.392074 0.0269968
thumb0964.jpg 0.515047 -0.216304 1.26262 0.993466 0.0328811 0.108056 0.0163565
thumb0351.jpg 1.37821 0.0635639 0.700231 -0.459792 0.0413731 0.887055 -0.00356912
thumb0775.jpg 3.43843 1.00831 5.93387 0.965784 -0.107255 0.235721 0.0138889
thumb0199.jpg 3.47877 -0.240361 2.24031 -0.458504 0.0335128 0.886458 0.053325
thumb0698.jpg -4.33994 -0.193839 7.47869 0.959377 -0.0275543 -0.280728 0.00534132
thumb0648.jpg 0.689386 -0.0772857 0.870876 -0.213755 0.053785 0.973655 0.0584074
thumb1027.jpg 0.0754229 0.00757825 -0.338322 0.846189 -0.0297396 0.529849 0.04838
thumb0033.jpg 0.0708431 0.00718419 -0.0310988 0.999778 0.00603573 -0.019705 -0.00429809
thumb1007.jpg 0.391733 0.0788951 0.0252545 0.919105 -0.156922 0.361319 0.00830722
thumb0144.jpg 1.91434 -0.231092 -2.45255 0.933143 -0.0851485 -0.348722 0.0196656
thumb0801.jpg 2.88594 0.00526372 5.50294 0.977491 -0.0286399 0.205863 0.0362202
thumb0579.jpg 0.630332 -0.0872014 1.02812 -0.16928 0.0506476 0.982155 0.0644308
thumb0815.jpg 2.18838 -0.384577 5.33246 0.986776 0.000490726 0.160383 0.0234346
thumb0156.jpg 2.58042 -0.417002 -2.24417 0.889594 -0.129305 -0.435476 0.047574
thumb0824.jpg 1.69232 -0.546366 5.22057 0.992322 0.0146609 0.121344 0.0188962
thumb0820.jpg 1.94726 -0.576902 5.25217 0.989384 0.0179818 0.142328 0.0232174
thumb1089.jpg -0.573276 -0.0653706 -1.44102 0.697452 -0.0294147 0.715694 0.0218728
thumb0516.jpg 0.379371 -0.132953 1.22911 -0.0553768 0.0329178 0.994083 0.0874593
thumb0736.jpg -3.5547 0.394328 7.05104 0.967346 -0.0683779 -0.24302 0.0225307
thumb0622.jpg 0.603981 -0.085277 0.973688 -0.163705 0.0387268 0.983343 0.068828
thumb0482.jpg 0.299177 -0.165704 1.29567 -0.0234855 0.0293784 0.994342 0.0993469
thumb0436.jpg 0.433005 -0.129815 1.32499 -0.0725724 0.0536617 0.992896 0.0775302
thumb0695.jpg -4.94385 -0.0947761 7.12255 0.947156 -0.033847 -0.318939 0.00532391
thumb0778.jpg 3.46628 1.41012 5.75581 0.960678 -0.1359 0.241108 0.0222628
thumb0268.jpg -0.26928 -0.0654686 2.73561 0.104779 0.0282121 0.992885 0.0490451
thumb0215.jpg 2.12199 -0.321884 4.0037 -0.243983 0.0438213 0.966802 0.0620172
thumb0999.jpg 0.482508 0.12227 0.209074 0.944773 -0.145035 0.292947 0.0234787
thumb0369.jpg 1.33703 0.0844431 0.666807 -0.45333 0.0743229 0.887514 -0.0358834
thumb0154.jpg 2.46053 -0.287059 -2.31528 0.900725 -0.10416 -0.420031 0.0376757
thumb0866.jpg -0.599713 -0.217114 4.17585 0.993433 -0.0150807 -0.113224 0.00666284
thumb0582.jpg 0.650854 -0.0743913 1.01173 -0.179477 0.0464813 0.980818 0.0601952
thumb0921.jpg 0.120015 -0.101831 2.55554 0.999081 -0.0202796 -0.0250385 0.0282797
thumb0116.jpg 0.673624 0.0679982 -2.19695 0.986042 -0.0172964 -0.165573 0.00261001
thumb0577.jpg 0.614842 -0.0757068 1.04158 -0.161463 0.0448661 0.983924 0.0617237
thumb0543.jpg 0.384612 -0.205149 1.17876 -0.0592725 0.0346762 0.990613 0.118197
thumb0633.jpg 0.591795 -0.079963 0.964055 -0.158934 0.0394291 0.984252 0.0665899
thumb0317.jpg 0.590784 -0.0403842 1.6008 -0.116223 0.0273571 0.991759 0.0464474
thumb0787.jpg 3.37294 0.707187 5.6593 0.967449 -0.086618 0.237355 0.0142389
thumb0581.jpg 0.645494 -0.074523 1.01596 -0.176718 0.0436033 0.981374 0.0614374
thumb0825.jpg 1.61145 -0.599624 5.21172 0.993145 0.0179892 0.115067 0.00995955
thumb1066.jpg -0.539548 0.08259 -0.949252 0.664823 0.0169018 0.74254 0.0797427
thumb0687.jpg -6.7233 0.0403799 5.57437 0.895236 -0.0453399 -0.443218 0.00734964
thumb0650.jpg 0.78675 -0.0646811 0.780841 -0.270771 0.0521236 0.959848 0.0515558
thumb0350.jpg 1.36572 0.0506515 0.732291 -0.45041 0.0425182 0.891808 0.00120686
thumb0829.jpg 1.56549 -0.556296 5.10258 0.993367 0.0148719 0.113515 0.0106819
thumb0812.jpg 2.31044 -0.333014 5.40405 0.98547 -0.00309178 0.167892 0.0255433
thumb0358.jpg 1.39596 0.0931568 0.612563 -0.480874 0.0499971 0.875064 -0.0228935
thumb0715.jpg -1.96102 -0.833473 8.12123 0.99058 0.0105503 -0.136039 0.011544
thumb0367.jpg 1.3587 0.0940829 0.631897 -0.466066 0.0708726 0.881069 -0.0384374
thumb0460.jpg 0.249945 -0.174873 1.33252 -0.00489737 0.0290715 0.99436 0.101879
thumb0571.jpg 0.513227 -0.0979164 1.10136 -0.114773 0.0407726 0.989841 0.0733404
thumb1025.jpg 0.107498 0.0110936 -0.304713 0.852432 -0.0430509 0.518567 0.0509311
thumb0313.jpg 0.368302 -0.0431677 1.68806 -0.0485243 0.0228406 0.997341 0.0493427
thumb0710.jpg -2.1153 -0.711408 8.21074 0.989337 0.00255253 -0.144729 0.0160811
thumb0932.jpg 0.164194 -0.217328 2.25355 0.99971 0.00359805 -0.0140749 0.019199
thumb0005.jpg 0.085288 -0.020253 0.491713 0.999683 0.0146586 0.0122414 0.0164354
thumb0908.jpg 0.0407103 0.0270113 2.94139 0.997979 -0.0393239 -0.0358461 0.0347346
thumb0870.jpg -0.550119 -0.0413219 4.06662 0.993166 -0.0348835 -0.109533 0.0201701
thumb0712.jpg -1.99735 -0.820136 8.17308 0.990204 0.00891329 -0.138285 0.0171665
thumb0265.jpg -0.1656 -0.0589546 2.84453 0.0822484 0.0282367 0.995061 0.0478751
thumb0937.jpg 0.299321 -0.225461 2.1071 0.999602 0.00905953 0.0169283 0.0206736
thumb1009.jpg 0.366897 0.056828 -0.019919 0.913103 -0.150442 0.378915 0.00587361
thumb0691.jpg -5.92401 -0.0569731 6.37784 0.922244 -0.0376346 -0.384712 0.00680558
thumb0122.jpg 0.905108 0.0403929 -2.30604 0.97848 -0.0264858 -0.204483 0.00788397
thumb0548.jpg 0.383365 -0.186208 1.17472 -0.0585754 0.0315331 0.991505 0.111768
thumb0503.jpg 0.344033 -0.142924 1.256 -0.0411863 0.0319045 0.994489 0.0909837
thumb0588.jpg 0.670505 -0.0593233 0.990387 -0.190352 0.0345741 0.979383 0.0581312
thumb0432.jpg 0.514347 -0.109685 1.30326 -0.102892 0.0451131 0.991099 0.0714182
thumb1004.jpg 0.425027 0.116767 0.0766431 0.923746 -0.170275 0.342008 0.0270354
thumb0616.jpg 0.607527 -0.135508 0.976524 -0.165704 0.0498197 0.98104 0.087295
thumb0221.jpg 1.80208 -0.177732 3.9785 -0.209033 0.0561148 0.975175 0.0467966
thumb0730.jpg -3.29495 -0.0391867 7.34513 0.973201 -0.0422536 -0.223658 0.0327264
thumb0886.jpg -0.481791 0.457352 3.59658 0.989107 -0.0971337 -0.104045 0.0375176
thumb0759.jpg -0.66829 -0.578247 7.27488 0.997677 0.00109479 -0.0626635 0.0266858
thumb0457.jpg 0.241748 -0.162377 1.34017 -0.0018257 0.0309617 0.994815 0.0968601
thumb0856.jpg 0.135357 -0.471373 4.51489 0.999587 0.0112022 -0.0263434 0.00241045
thumb0965.jpg 0.516803 -0.206889 1.23282 0.993082 0.032062 0.111712 0.0167427
thumb0455.jpg 0.220635 -0.162551 1.34549 0.00589361 0.0310821 0.994792 0.0968971
thumb1063.jpg -0.488164 0.107855 -0.914114 0.681425 0.0261378 0.725593 0.0921434
thumb0703.jpg -3.25913 -0.419491 7.94714 0.97692 -0.0129867 -0.21321 0.000782905
thumb0489.jpg 0.306969 -0.19852 1.27898 -0.0269779 0.0246824 0.992888 0.1133
thumb0484.jpg 0.293756 -0.18176 1.29127 -0.0217491 0.0323704 0.993715 0.104926
thumb1074.jpg -0.675203 0.0762417 -1.05496 0.632956 0.0158967 0.770713 0.0715263
thumb0117.jpg 0.753859 0.0717327 -2.19617 0.983301 -0.0167434 -0.181215 0.000221317
thumb0605.jpg 0.650314 -0.102447 0.970178 -0.184765 0.0422515 0.979045 0.0744817
thumb0249.jpg 0.0461477 -0.0654078 3.40442 0.0373965 0.0432361 0.997398 0.0439244
thumb0389.jpg 1.03384 0.0428686 1.03953 -0.304042 0.0600043 0.950766 0.00123982
thumb0016.jpg 0.0824021 -0.0130044 0.315918 0.999927 0.0119163 0.0016117 -0.00154892
thumb0191.jpg 3.97932 -0.183247 1.15894 0.584796 -0.042691 -0.809083 -0.0396827
thumb0127.jpg 1.08766 -0.0151508 -2.37814 0.972128 -0.0382188 -0.231294 0.00317522
thumb0383.jpg 1.11156 0.0857826 0.966998 -0.337385 0.0589114 0.939372 -0.0167455
thumb0809.jpg 2.67281 -0.248775 5.32949 0.979647 -0.00618287 0.19652 0.0404232
thumb0837.jpg 0.753977 -0.476896 5.04589 0.999277 0.00709023 0.0373254 0.00104433
thumb0913.jpg 0.118795 -0.0674809 2.78946 0.999086 -0.0253726 -0.0249207 0.0237248
thumb0450.jpg 0.20631 -0.146643 1.35705 0.0110581 0.0382066 0.995164 0.0898121
thumb0463.jpg 0.280828 -0.132757 1.32745 -0.0159178 0.0145295 0.995794 0.0890452
thumb0545.jpg 0.377713 -0.201198 1.17765 -0.0566779 0.0395372 0.990902 0.115488
thumb0093.jpg 0.154406 0.0339001 -1.64205 0.997844 -0.0184731 -0.0624757 0.00789811
thumb0696.jpg -4.77379 -0.120112 7.22716 0.950775 -0.0323641 -0.308136 0.00556569
thumb0051.jpg 0.0523224 0.0179026 -0.481207 0.999576 -0.019523 -0.0205419 0.00673697
thumb1081.jpg -0.619598 0.024566 -1.25513 0.669381 -0.000197169 0.741702 0.0425171
thumb0723.jpg -2.38235 -0.687724 7.82685 0.986569 0.00205025 -0.162752 0.013778
thumb0686.jpg -6.89692 0.076636 5.36594 0.888261 -0.0476162 -0.456819 0.00637937
thumb0601.jpg 0.638813 -0.117093 0.983474 -0.178608 0.0492465 0.97955 0.0784572
thumb0667.jpg 1.0765 0.0107287 -0.240919 0.697638 -0.0422231 -0.715201 -0.00248989
thumb0027.jpg 0.07174 0.00132808 0.105802 0.999858 0.00503287 -0.014956 0.00597265
thumb0454.jpg 0.215615 -0.166685 1.34766 0.00758392 0.0325054 0.994607 0.0982023
thumb0490.jpg 0.303672 -0.201754 1.27762 -0.0257751 0.0261595 0.992769 0.114285
thumb0669.jpg 1.0462 0.0136171 -0.349461 0.733028 -0.0430526 -0.678824 0.00373752
thumb0591.jpg 0.670116 -0.0957357 0.982549 -0.191446 0.045893 0.97794 0.0698226
thumb1099.jpg -0.496552 -0.091011 -1.58965 0.721069 -0.0340597 0.691713 0.0208055
thumb0624.jpg 0.594767 -0.090659 0.977067 -0.159379 0.0438605 0.98379 0.0695081
thumb0277.jpg -0.398799 -0.165754 2.3923 0.138261 0.0282858 0.987362 0.0721125
thumb0479.jpg 0.310215 -0.163537 1.29634 -0.0275592 0.0242293 0.994375 0.09936
thumb0335.jpg 1.13669 -0.15794 1.13323 -0.321132 0.041363 0.942912 0.0779791
thumb0658.jpg 1.04197 0.00161181 0.366352 -0.473889 0.0465231 0.879255 0.0132508
thumb0625.jpg 0.587562 -0.0955814 0.979481 -0.155969 0.0453359 0.98414 0.0713168
thumb0557.jpg 0.382496 -0.172945 1.16359 -0.0583697 0.0386099 0.991985 0.105206
thumb0536.jpg 0.370209 -0.209927 1.19169 -0.0535293 0.0328687 0.990777 0.120064
thumb0840.jpg 0.660933 -0.51962 4.94466 0.999499 0.0112676 0.0295545 -0.00144212
thumb0768.jpg 2.79324 0.324772 6.52685 0.981086 -0.0515327 0.182801 0.0373965
thumb0462.jpg 0.279418 -0.14117 1.32772 -0.0154779 0.0212731 0.995522 0.0907987
thumb0841.jpg 0.640156 -0.509654 4.93244 0.999553 0.0104901 0.0278501 -0.00285808
thumb0920.jpg 0.124878 -0.108658 2.58065 0.999225 -0.0188951 -0.0237847 0.0250387
thumb0069.jpg 0.0789297 0.0421065 -0.960613 0.99915 -0.00522128 -0.0407987 0.00286633
thumb0859.jpg -0.248643 -0.405379 4.40908 0.997449 0.00429685 -0.0705856 0.00974524
thumb0831.jpg 1.55264 -0.531747 5.04055 0.993389 0.0138613 0.113169 0.013358
thumb0914.jpg 0.120657 -0.0665754 2.75551 0.9989 -0.0253167 -0.0249035 0.0306242
thumb1079.jpg -0.641175 0.0698265 -1.19811 0.658464 0.0163684 0.750596 0.0525646
thumb0331.jpg 1.00246 -0.121234 1.27952 -0.263829 0.0221564 0.961521 0.0733564
thumb1020.jpg 0.185907 0.0153241 -0.225783 0.870878 -0.062967 0.486482 0.0306744
thumb0529.jpg 0.352355 -0.204405 1.20754 -0.0464251 0.0430998 0.991376 0.114718
thumb1082.jpg -0.626466 0.0293345 -1.27254 0.669462 0.00284135 0.741921 0.0369533
thumb0486.jpg 0.296233 -0.181748 1.28797 -0.0228291 0.0327577 0.993679 0.104915
thumb0128.jpg 1.14687 -0.0131241 -2.37218 0.969673 -0.0390857 -0.241191 0.00575065
thumb0086.jpg 0.120263 0.0111326 -1.4394 0.997957 -0.0263575 -0.0575885 0.00843198
thumb0988.jpg 0.513647 0.0469547 0.557133 0.976973 -0.0719944 0.199083 0.0265971
thumb0303.jpg -0.121871 -0.0482126 1.7728 0.0922803 0.0102089 0.994205 0.0541938
thumb0598.jpg 0.644074 -0.0672254 0.988901 -0.17963 0.0416876 0.981096 0.0586948
thumb0040.jpg 0.0626041 0.01745 -0.187724 0.999867 -0.000124091 -0.015284 0.0056105
thumb0272.jpg -0.379296 -0.161683 2.56344 0.129646 0.0381125 0.988466 0.0683684
thumb0406.jpg 0.849523 -0.0411227 1.16518 -0.230611 0.0450585 0.971059 0.0428099
thumb0197.jpg 3.63703 -0.239422 1.96873 -0.490665 0.0347332 0.869106 0.051914
thumb0665.jpg 1.09526 -0.000120898 -0.133732 0.661461 -0.0458082 -0.74854 -0.00762645
thumb0057.jpg 0.0696398 0.00269574 -0.632625 0.999054 -0.0290965 -0.0315974 0.00671691
thumb0613.jpg 0.616488 -0.133821 0.976962 -0.169542 0.0506054 0.980455 0.0860362
thumb0474.jpg 0.281867 -0.152295 1.31067 -0.0166769 0.027535 0.995028 0.0942508
thumb0425.jpg 0.597589 -0.128028 1.27531 -0.135037 0.0575393 0.98644 0.0734204
thumb0294.jpg -0.465417 -0.0440981 1.88591 0.174775 0.0313144 0.982639 0.0537927
thumb0050.jpg 0.0531467 0.0190468 -0.452772 0.999648 -0.017692 -0.0197449 -0.000386428
thumb0164.jpg 3.07473 -0.602558 -1.87229 0.843548 -0.176252 -0.501143 0.0788576
thumb0112.jpg 0.459883 0.0933296 -2.12967 0.992075 -0.0103849 -0.124804 0.0102002
thumb0537.jpg 0.373284 -0.211815 1.18888 -0.0547362 0.0312868 0.990614 0.121282
thumb1037.jpg -0.117698 0.0267077 -0.477481 0.790894 0.00653902 0.607388 0.0743257
thumb0578.jpg 0.619544 -0.0813557 1.03684 -0.163887 0.0480062 0.983294 0.0630012
thumb0181.jpg 4.01074 -0.0585687 -0.342993 0.712953 -0.0914309 -0.694341 0.0350563
thumb0176.jpg 3.84899 -0.241331 -0.69702 0.742307 -0.137927 -0.653029 0.0592493
thumb0240.jpg 0.487345 -0.101951 3.70255 -0.0309769 0.0411042 0.997609 0.0461199
thumb0823.jpg 1.7604 -0.513667 5.22804 0.991543 0.0128503 0.12649 0.0260362
thumb0238.jpg 0.600291 -0.110394 3.78659 -0.048992 0.0378403 0.996963 0.0472602
thumb0042.jpg 0.0588632 0.0206268 -0.252975 0.999845 -0.00111094 -0.0147186 0.00958778
thumb0387.jpg 1.04412 0.0343696 1.03406 -0.307466 0.0669822 0.949198 0.000678245
thumb0270.jpg -0.33645 -0.140027 2.65441 0.11934 0.0333375 0.990246 0.0637205
thumb0047.jpg 0.0656152 0.0255252 -0.370715 0.999653 0.00105389 -0.0231578 -0.0124725
thumb0834.jpg 1.27776 -0.445361 5.01717 0.995986 0.00643731 0.0868781 0.0205515
thumb0743.jpg -3.89173 0.516692 6.67592 0.957943 -0.0829423 -0.271676 0.0407231
thumb0922.jpg 0.111372 -0.105629 2.53704 0.999226 -0.020259 -0.0265825 0.0207252
thumb0849.jpg 0.290696 -0.460878 4.71779 0.999894 0.00772057 -0.00810142 -0.00932468
thumb0326.jpg 0.871587 -0.097198 1.40537 -0.213053 0.0245984 0.974606 0.0643891
thumb0646.jpg 0.660777 -0.0652269 0.89668 -0.197398 0.0431141 0.977675 0.0576728
thumb0742.jpg -3.83201 0.549447 6.73195 0.959249 -0.0848797 -0.266249 0.0418204
thumb0137.jpg 1.44966 -0.126069 -2.51444 0.95795 -0.0626502 -0.279801 0.0108705
thumb0300.jpg -0.321656 -0.079005 1.76497 0.14557 0.019682 0.987116 0.063438
thumb0200.jpg 3.39184 -0.240652 2.36991 -0.441703 0.0330143 0.894944 0.053705
thumb0206.jpg 2.90115 -0.281488 2.95309 -0.366948 0.0388239 0.927632 0.0577998
thumb0980.jpg 0.51 -0.120451 0.78786 0.986884 0.0293604 0.154979 0.0343504
thumb1035.jpg -0.0835545 0.022942 -0.45314 0.802032 0.00950407 0.593847 0.063243
thumb0426.jpg 0.594155 -0.120218 1.27642 -0.133657 0.0533206 0.986972 0.0719604
thumb0550.jpg 0.374949 -0.184729 1.17432 -0.0550648 0.0315792 0.99176 0.111278
thumb0308.jpg 0.107801 -0.0310834 1.75379 0.027458 0.010668 0.998384 0.0486018
thumb0916.jpg 0.124094 -0.0729791 2.70727 0.999026 -0.0243069 -0.0240436 0.0278919
thumb0342.jpg 1.31226 -0.0669763 0.874277 -0.411104 0.020429 0.9094 0.0597255
thumb0324.jpg 0.763286 -0.111738 1.47903 -0.175124 0.0278991 0.981827 0.067596
thumb0258.jpg -0.113349 -0.0483034 3.08304 0.0686082 0.0305807 0.99617 0.044764
thumb0368.jpg 1.34699 0.0913821 0.650948 -0.459326 0.0711092 0.884647 -0.0369085
thumb0719.jpg -2.21386 -0.843558 7.95264 0.98837 0.0119122 -0.151506 0.00539428
thumb0223.jpg 1.72153 -0.133041 3.95987 -0.198991 0.056587 0.977454 0.0422503
thumb0106.jpg 0.363141 0.0780558 -1.98549 0.994115 -0.0106425 -0.107779 0.00252478
thumb0639.jpg 0.544977 -0.0945166 0.980361 -0.136335 0.0495644 0.986938 0.0700624
thumb0253.jpg -0.0186757 -0.0653656 3.25321 0.0495886 0.0297681 0.997305 0.0451374
thumb0620.jpg 0.604436 -0.126448 0.972731 -0.164475 0.0417469 0.981665 0.0868234
thumb0968.jpg 0.523144 -0.195651 1.14498 0.991778 0.0355636 0.120343 0.0251028
thumb0685.jpg -7.0587 0.115997 5.16269 0.88133 -0.0496653 -0.46986 0.00466076
thumb1071.jpg -0.627928 0.0956168 -1.01296 0.641137 0.0240581 0.763881 0.0696377
thumb0869.jpg -0.553821 -0.166933 4.09811 0.993534 -0.0199733 -0.110061 0.0194313
thumb0150.jpg 2.21871 -0.280556 -2.39455 0.916248 -0.0972211 -0.387653 0.0276374
thumb0967.jpg 0.521912 -0.194351 1.1782 0.992167 0.0339759 0.117505 0.0253566
thumb0243.jpg 0.332862 -0.0745934 3.63837 -0.00610388 0.0527625 0.997673 0.0427519
thumb0725.jpg -2.56285 -0.684141 7.71572 0.984099 -7.46398e-05 -0.175527 0.0272086
thumb0392.jpg 1.01638 0.00899852 1.05125 -0.298177 0.0532944 0.952854 0.0178822
thumb0953.jpg 0.584223 -0.245081 1.57195 0.993348 0.0305031 0.108861 0.0218874
thumb0654.jpg 0.945263 -0.0112345 0.575367 -0.380509 0.0490169 0.923213 0.0220683
thumb0071.jpg 0.0816691 0.0437041 -1.01455 0.999017 -0.004614 -0.0439983 -0.00282318
thumb0212.jpg 2.35083 -0.307473 3.93664 -0.270128 0.0396044 0.960099 0.0606027
thumb0525.jpg 0.33681 -0.202216 1.21822 -0.0396101 0.032588 0.991921 0.116021
thumb1056.jpg -0.38585 0.109523 -0.803437 0.710841 0.0366167 0.697165 0.0855897
thumb0573.jpg 0.525012 -0.0929908 1.0934 -0.120095 0.0362903 0.989426 0.0727772
thumb0645.jpg 0.650014 -0.0875528 0.903871 -0.191861 0.0453686 0.978036 0.0676521
thumb0969.jpg 0.527038 -0.18935 1.10817 0.991274 0.0350697 0.124139 0.0271245
thumb0087.jpg 0.125449 0.0155577 -1.46783 0.997915 -0.0250755 -0.0589163 0.00815311
thumb1090.jpg -0.579266 -0.0650172 -1.45612 0.697002 -0.0290508 0.716148 0.021817
thumb0928.jpg 0.131105 -0.152905 2.37078 0.9995 -0.0104098 -0.0211858 0.0210151
thumb0808.jpg 2.72765 -0.380237 5.33194 0.979146 0.00277042 0.200564 0.0322321
thumb1050.jpg -0.321748 0.0721294 -0.695477 0.730978 0.0230576 0.676726 0.0847375
thumb0508.jpg 0.32409 -0.126625 1.2555 -0.0332523 0.0403745 0.995161 0.0831822
thumb0248.jpg 0.0886859 -0.0809896 3.44196 0.0308527 0.0450183 0.997481 0.0453174
thumb0275.jpg -0.417218 -0.154721 2.45115 0.139915 0.0321058 0.987268 0.0685171
thumb0363.jpg 1.38168 0.094917 0.607096 -0.476862 0.0662949 0.875731 -0.0360958
thumb0770.jpg 3.065 0.601127 6.33068 0.975655 -0.073337 0.204678 0.0287318
thumb0190.jpg 4.01295 -0.172835 1.04526 0.596881 -0.0453762 -0.800297 -0.0346241
thumb0285.jpg -0.483496 -0.117858 2.14009 0.166597 0.0347799 0.983165 0.0664998
thumb0858.jpg -0.0916514 -0.466857 4.43905 0.998569 0.0109433 -0.0521194 0.00479446
thumb0108.jpg 0.385042 0.0671227 -2.04502 0.993696 -0.0135987 -0.111213 0.00396366
thumb0022.jpg 0.0697936 -0.00542947 0.203116 0.999877 0.00704052 -0.0129867 0.00531594
thumb1005.jpg 0.415634 0.10531 0.0662228 0.92215 -0.166574 0.3486 0.0192381
thumb0699.jpg -4.10893 -0.267996 7.5952 0.963512 -0.0239149 -0.266442 0.0089657
thumb0007.jpg 0.0858531 -0.0328107 0.46202 0.9992 0.0284228 0.0197786 0.019996
thumb0284.jpg -0.460848 -0.115818 2.18025 0.160553 0.0305696 0.984375 0.0655235
thumb0011.jpg 0.0838084 -0.0322998 0.404005 0.999365 0.0295321 0.0194057 0.0045096
thumb0727.jpg -2.71663 -0.40416 7.63348 0.981876 -0.0184065 -0.185656 0.0333469
thumb0080.jpg 0.0648252 0.0121996 -1.28855 0.998935 -0.0251793 -0.0370245 0.0111483
thumb0760.jpg -0.087965 -0.607506 7.27168 0.99945 0.00438285 -0.0231737 0.0233079
thumb0827.jpg 1.58663 -0.617097 5.14038 0.9932 0.0199936 0.114079 0.011854
thumb0558.jpg 0.391196 -0.168172 1.1601 -0.0620284 0.0380554 0.991969 0.103447
thumb0748.jpg -4.15308 0.326623 6.38559 0.952452 -0.0680501 -0.295902 0.0254248
thumb0893.jpg -0.274838 0.259079 3.42626 0.993897 -0.0706641 -0.0771784 0.0349101
thumb0945.jpg 0.616932 -0.239845 1.80061 0.993897 0.0218982 0.102436 0.0345917
thumb0208.jpg 2.78789 -0.290921 3.6674 -0.323101 0.0393995 0.943761 0.0580396
thumb0992.jpg 0.518476 0.0769519 0.40867 0.963666 -0.0885279 0.249786 0.0334317
thumb0114.jpg 0.529874 0.0915792 -2.19376 0.990389 -0.0112325 -0.137595 0.0083768
thumb0097.jpg 0.187398 0.0323999 -1.76488 0.997227 -0.0190941 -0.0715866 0.0069895
thumb0401.jpg 0.899287 -0.0366711 1.13632 -0.250104 0.0536762 0.966025 0.0369195
thumb1092.jpg -0.529595 -0.0787871 -1.50562 0.710565 -0.0328809 0.702561 0.020606
thumb0493.jpg 0.288882 -0.192271 1.27844 -0.0201088 0.0315974 0.993255 0.109738
thumb0485.jpg 0.295088 -0.181507 1.28955 -0.0222636 0.0310305 0.993726 0.105119
thumb1060.jpg -0.438463 0.104314 -0.874801 0.697902 0.0284731 0.710334 0.0868762
thumb0943.jpg 0.594321 -0.236056 1.8761 0.994802 0.0189545 0.0948929 0.031705
thumb0552.jpg 0.375517 -0.171051 1.17361 -0.0551097 0.0324391 0.992349 0.10561
thumb0637.jpg 0.553596 -0.0997465 0.979527 -0.140469 0.0560542 0.986021 0.0699214
thumb0664.jpg 1.10163 -0.00151873 -0.0639441 0.637379 -0.0460317 -0.769116 -0.00944707
thumb0480.jpg 0.310938 -0.155267 1.29618 -0.027659 0.0198394 0.994685 0.0971776
thumb0241.jpg 0.434649 -0.0880121 3.69212 -0.0223565 0.0464689 0.997695 0.044116
thumb0124.jpg 0.943344 0.034751 -2.34367 0.977503 -0.0291831 -0.20864 0.0102834
thumb0309.jpg 0.164857 -0.0411994 1.74441 0.0112229 0.0180998 0.998492 0.0506046
thumb0361.jpg 1.39121 0.06252 0.605185 -0.480302 0.0679194 0.874139 -0.0240282
thumb1054.jpg -0.370018 0.0928883 -0.765069 0.713876 0.0294408 0.69393 0.0893078
thumb1017.jpg 0.236334 0.0198914 -0.180295 0.880445 -0.0937148 0.464036 0.0265485
thumb0192.jpg 3.94377 -0.211909 1.30193 0.570633 -0.0428469 -0.818955 -0.0430687
thumb0769.jpg 2.92396 0.51701 6.43228 0.978294 -0.0660124 0.193445 0.0340947
thumb1065.jpg -0.522785 0.0798344 -0.932912 0.67026 0.0160883 0.737524 0.0809334
thumb0149.jpg 2.15864 -0.253593 -2.40016 0.919588 -0.0934031 -0.380513 0.0290359
thumb0985.jpg 0.513358 0.0183549 0.642921 0.982312 -0.0484834 0.178486 0.0292314
thumb0865.jpg -0.590269 -0.247288 4.20545 0.99369 -0.012307 -0.111421 0.00360674
thumb0517.jpg 0.372878 -0.151002 1.22756 -0.0531566 0.0403866 0.993431 0.0929436
thumb0718.jpg -2.19188 -0.868447 7.99199 0.988529 0.0131166 -0.150277 0.00738876
thumb0674.jpg -8.68002 0.0160135 1.34474 0.74572 -0.0515589 -0.664247 0.00440176
thumb0838.jpg 0.68301 -0.514164 5.0189 0.999457 0.0102591 0.0310116 -0.00439826
thumb0180.jpg 3.98228 -0.045542 -0.439018 0.72154 -0.0958754 -0.68435 0.0430516
thumb0901.jpg -0.085291 0.0824571 3.16583 0.997052 -0.0469799 -0.0528419 0.0298011
thumb0522.jpg 0.338653 -0.177756 1.22603 -0.0401534 0.0400899 0.992937 0.104199
thumb0638.jpg 0.548327 -0.100176 0.98038 -0.137973 0.0529694 0.986438 0.0713921
thumb0017.jpg 0.0822956 -0.011614 0.30516 0.999947 0.00998781 -0.00149031 -0.00206966
thumb0182.jpg 4.01936 -0.133398 -0.320118 0.70963 -0.0941226 -0.697846 0.0240204
thumb0194.jpg 3.85198 -0.240363 1.59326 0.5408 -0.0400986 -0.838754 -0.0491876
thumb0976.jpg 0.496451 -0.148278 0.911762 0.990532 0.0309216 0.130307 0.0301828
thumb0466.jpg 0.299643 -0.132859 1.31925 -0.0229778 0.0161095 0.995647 0.0888771
thumb0600.jpg 0.641864 -0.0946514 0.985393 -0.179432 0.0477331 0.980206 0.0687094
thumb0385.jpg 1.05925 0.0402175 1.02283 -0.313323 0.0687688 0.947149 -0.00279536
thumb0483.jpg 0.29429 -0.175995 1.29377 -0.0218471 0.0321242 0.993946 0.102769
thumb0288.jpg -0.539505 -0.0965515 2.02939 0.181961 0.0287818 0.980821 0.0636539
thumb0044.jpg 0.0631529 0.0244073 -0.295055 0.999788 0.000548662 -0.0205925 0.000256165
thumb0956.jpg 0.588592 -0.253864 1.47261 0.992338 0.0369272 0.115701 0.0226727
thumb0958.jpg 0.58743 -0.228276 1.41124 0.991959 0.0335027 0.117714 0.0322385
thumb0209.jpg 2.68344 -0.291399 3.74846 -0.310079 0.0395786 0.948095 0.0583113
thumb0586.jpg 0.663603 -0.0834199 0.995423 -0.186826 0.0475879 0.979176 0.0636113
thumb0773.jpg 3.38749 0.813784 6.03723 0.968545 -0.0921866 0.230642 0.0150258
thumb0726.jpg -2.68495 -0.540293 7.65928 0.982461 -0.00974016 -0.183523 0.0315362
thumb0993.jpg 0.519883 0.0806571 0.373825 0.960124 -0.0904066 0.262138 0.0356559
thumb0103.jpg 0.305048 0.0611695 -1.91623 0.995089 -0.0138095 -0.097221 0.0124269
thumb0610.jpg 0.6606 -0.112885 0.954244 -0.190753 0.0377129 0.977536 0.0813243
thumb0832.jpg 1.51172 -0.514638 5.01741 0.993756 0.0131349 0.10931 0.01809
thumb0618.jpg 0.608448 -0.134533 0.972868 -0.166468 0.0470036 0.98096 0.0882925
thumb0113.jpg 0.479745 0.0965998 -2.16356 0.99172 -0.00962822 -0.127772 0.00858997
thumb0054.jpg 0.0736937 0.00465731 -0.551957 0.999009 -0.0281359 -0.0317839 0.0133972
thumb0354.jpg 1.38416 0.0450845 0.670531 -0.467014 0.0529002 0.882654 -0.0046792
thumb0120.jpg 0.851936 0.0686063 -2.27166 0.980292 -0.0180174 -0.196727 0.000874294
thumb0341.jpg 1.29734 -0.0748916 0.903802 -0.401789 0.0198065 0.913362 0.062794
thumb0847.jpg 0.463398 -0.48469 4.75327 0.9999 0.0103032 0.00927186 0.00277718
thumb1093.jpg -0.495109 -0.087748 -1.52953 0.718729 -0.0356499 0.694057 0.0210255
thumb0327.jpg 0.925809 -0.10303 1.36448 -0.232727 0.027318 0.969966 0.0652495
thumb1039.jpg -0.145678 0.03541 -0.516476 0.782478 0.00735619 0.6177 0.0782331
thumb0554.jpg 0.372999 -0.177307 1.17098 -0.0544177 0.0409336 0.992004 0.106261
thumb0276.jpg -0.412987 -0.160688 2.42293 0.140019 0.027982 0.987242 0.0704612
thumb0393.jpg 1.00469 0.00985101 1.06042 -0.293447 0.0491748 0.954505 0.0197598
thumb0661.jpg 1.08684 0.00423901 0.192565 0.543626 -0.044352 -0.838081 -0.0111137
thumb0039.jpg 0.0627155 0.0162656 -0.15876 0.999853 -0.000929821 -0.0168966 0.00277884
thumb0629.jpg 0.592546 -0.0740819 0.970744 -0.158825 0.0376914 0.984486 0.0643583
thumb1055.jpg -0.377623 0.10131 -0.781931 0.712193 0.032826 0.69566 0.0881019
thumb0158.jpg 2.66656 -0.456526 -2.24095 0.883023 -0.139474 -0.444543 0.0565667
thumb0413.jpg 0.725459 -0.0404549 1.23443 -0.181538 0.0526698 0.981116 0.0409943
thumb0379.jpg 1.17195 0.079511 0.902048 -0.365357 0.0656353 0.928332 -0.020128
