i0027.jpg 1.6364 -0.015492 0.430151 0.926282 0.139517 -0.348858 0.028888
i0217.jpg -0.516257 -0.187093 -1.06839 -0.311253 -0.00685678 0.922922 -0.226473
i0944.jpg 0.784647 -0.365479 -1.13567 0.968783 0.00773557 0.236408 -0.074232
i0570.jpg -0.906588 0.0568868 14.3993 0.719497 0.00694156 -0.678904 0.14617
i1145.jpg 8.12275 -0.620439 -0.722078 0.628172 -0.0278579 -0.748784 0.209635
i0171.jpg -0.802035 -0.113292 -0.789602 -0.471384 -0.0315011 0.854874 -0.214467
i0229.jpg -0.787262 -0.155418 -0.913767 -0.481478 -0.0300412 0.848373 -0.218036
i0751.jpg 0.353919 0.535411 3.3553 0.74101 0.0400297 -0.658997 0.122574
i0315.jpg -0.373924 -0.0507267 0.00336365 0.874148 -0.0104283 0.465735 -0.137286
i0497.jpg -1.24831 0.330266 1.82704 0.936381 0.0405712 0.337787 -0.086285
i1039.jpg -4.97209 -0.383186 -1.21482 0.812881 -0.0275463 0.555364 -0.17331
i0840.jpg -0.129592 0.160436 2.59161 0.760181 0.0261367 -0.635042 0.134773
i0547.jpg -2.39403 0.7937 3.12137 0.955726 0.0151725 0.281171 -0.0854402
i0860.jpg -5.75909 1.81317 7.3776 0.821216 0.00789058 -0.556973 0.123784
i0246.jpg 0.923238 0.156415 0.646679 0.819426 0.00891897 0.549116 -0.164112
i0515.jpg -0.0990347 0.0186879 0.420158 0.873893 0.0656027 0.472352 -0.0942876
i0732.jpg 0.818274 0.216106 2.78476 0.959945 0.028872 -0.277409 0.0267459
i0543.jpg -3.95951 -0.0768005 -1.16471 0.951956 0.0254266 -0.301206 0.0490743
i0475.jpg -2.24616 0.106163 0.336083 0.996025 0.0411744 -0.0789394 0.0027443
i0068.jpg 0.849327 -0.153791 -2.93735 0.914703 0.10366 0.385567 -0.0625417
i0800.jpg -6.58554 0.586657 2.55316 0.61168 0.0118816 -0.769114 0.184854
i0877.jpg -9.43516 0.571967 1.6595 0.560145 0.00337847 -0.806865 0.187604
i0698.jpg 0.245345 0.0486342 1.74997 0.896222 0.0193786 -0.43757 0.0703103
i0535.jpg -1.80549 -0.000686501 0.292088 0.998892 0.0278991 -0.0326134 0.0193257
i0371.jpg 0.936812 -0.0247794 -0.364278 0.425584 0.0219219 0.885315 -0.186048
i0484.jpg -3.00745 0.0978536 0.249624 0.988971 0.0533402 -0.135282 0.0281135
i1013.jpg -1.19994 1.63873 5.40773 0.223426 -0.00828566 0.935641 -0.27311
i1091.jpg 3.16975 -2.50225 -6.63776 0.944874 -0.0451868 -0.315218 0.0762144
i0050.jpg 1.07284 0.0615612 0.155358 0.662912 0.0729569 0.737814 -0.104185
i0700.jpg 0.598779 -0.0751874 0.952775 0.882661 0.00648248 -0.46316 0.0796929
i0409.jpg -0.879479 -0.102465 -0.906368 0.541454 0.016745 -0.820948 0.180531
i0624.jpg -7.14829 0.657247 3.1342 0.999713 0.0124199 0.0199173 -0.00478057
i0518.jpg -0.0766661 0.165919 0.468773 0.875835 0.0417177 0.467212 -0.113517
i0627.jpg -2.15165 1.57856 7.10959 0.898626 0.0183916 0.424573 -0.108956
i0298.jpg 0.371971 -0.022816 -0.682917 0.236509 0.0339548 0.938318 -0.24994
i0628.jpg -1.6169 1.59744 7.21913 0.882461 0.019052 0.455254 -0.116809
i0660.jpg -0.39586 -0.285692 -1.02071 0.809623 0.0101627 0.567591 -0.149154
i0677.jpg 0.164835 0.055249 1.78865 0.888157 0.0202377 -0.45308 0.0740615
i1161.jpg -9.50617 1.67793 2.44999 0.680905 -0.116109 0.657077 -0.301889
i0807.jpg 5.86545 0.587557 3.71858 0.981496 0.0167878 0.179039 -0.0657979
i0249.jpg 1.05826 0.0779991 0.341213 0.714737 0.00814093 0.672533 -0.191792
i1151.jpg -4.81282 -2.77037 -8.17024 0.99301 -0.0384603 0.104642 -0.0387585
i0601.jpg -3.49206 -0.572992 -3.46834 0.8297 0.0235418 -0.543389 0.125587
i0062.jpg 3.19174 -0.0365634 0.706422 0.934622 0.113376 -0.33474 0.0396979
i1005.jpg -0.239792 -1.17727 -3.50421 0.998547 -0.0316535 0.0362215 -0.0242801
i0441.jpg -1.058 0.0465066 -0.244245 0.770841 0.037204 -0.623338 0.125973
i0996.jpg 2.61975 0.365782 1.80809 0.509296 -0.0249619 -0.830117 0.225611
i1067.jpg -4.67104 -1.38592 -4.07431 0.948412 -0.0324507 0.298572 -0.101568
i0919.jpg 1.42412 -0.0690725 0.0105293 0.997659 0.0172539 0.0608877 -0.0259014
i0577.jpg -2.29482 1.24433 5.15986 0.920862 0.0143213 0.375644 -0.103442
i0629.jpg -1.59972 1.56995 7.14945 0.882442 0.0179689 0.455659 -0.115534
i0430.jpg -0.175509 -0.00375167 0.371435 0.777466 0.0362297 0.611435 -0.142767
i0882.jpg -0.182527 2.15699 9.18721 0.956716 0.0107302 -0.284442 0.0606055
i0908.jpg 2.06815 0.0742834 0.751028 0.995295 0.0175992 0.0883149 -0.0357457
i1181.jpg -9.77261 -1.16428 -1.56214 0.83709 -0.154277 0.475421 -0.222381
i1114.jpg -4.70242 -2.06628 -5.99911 0.979831 -0.0357846 0.184849 -0.0669386
i0621.jpg -3.49003 0.013604 -1.48789 0.900415 0.0269436 -0.42536 0.0871578
i0481.jpg -2.81245 -0.236182 -2.6089 0.823219 0.048375 -0.553132 0.118389
i0394.jpg 1.2169 -0.178282 -0.725798 0.994752 0.0399158 0.0889505 -0.0310182
i0874.jpg -7.69955 -1.0679 -5.70838 -0.175425 -0.00609153 0.960315 -0.216757
i1099.jpg -7.43382 1.00516 2.76069 0.632084 -0.0221525 0.7407 -0.226589
i0160.jpg -0.586888 -0.117419 -0.877127 -0.326753 -0.0220836 0.916858 -0.228291
i0992.jpg -1.74784 1.10963 3.89864 0.118161 -0.000364906 0.95322 -0.278226
i0364.jpg 2.75854 -0.356035 -1.46299 0.998584 0.0450873 0.0224096 -0.0171786
i0740.jpg 0.77019 -0.204921 -2.94171 0.836095 0.00430628 0.512192 -0.196435
i0529.jpg -0.692389 0.89442 3.78339 0.864924 0.0133704 0.484679 -0.12967
i0495.jpg -2.22478 0.155431 0.781467 0.998451 0.0414188 0.0300637 -0.0218079
i0904.jpg 2.86637 0.301285 1.77443 0.995396 0.014646 0.0877787 -0.0355901
i0536.jpg -1.37917 0.0757603 0.624316 0.991708 0.0323731 0.122703 -0.0202894
i1080.jpg 2.88634 -0.920266 -3.90062 0.740211 -0.0362662 -0.647576 0.17725
i0516.jpg -0.0988357 0.0303368 0.425271 0.875035 0.0599331 0.470214 -0.098086
i0140.jpg -0.825591 -0.0747999 -0.663125 -0.465737 -0.0317813 0.858718 -0.211382
i0612.jpg 6.52309 0.450722 2.53468 0.364752 0.0154303 0.902287 -0.229338
i0711.jpg -0.257393 -0.490745 -0.974858 0.736117 -0.0097814 0.653454 -0.176166
i0290.jpg -0.359685 -0.0773936 -0.0923238 0.930442 0.0115254 0.354737 -0.0911408
i0333.jpg -0.751037 0.633055 2.88588 0.868185 0.00170237 0.476431 -0.138798
i1068.jpg -5.93759 -0.790412 -2.3717 0.880304 -0.0285979 0.450739 -0.145193
i0785.jpg 1.57827 -0.0964798 0.313269 0.959618 0.0120342 -0.280365 0.0195714
i0169.jpg -0.802036 -0.113295 -0.789601 -0.471384 -0.0315052 0.854873 -0.214467
i0541.jpg -2.6145 -0.627689 -3.14559 0.816009 0.0141834 -0.564514 0.123502
i0318.jpg -0.837997 -0.16173 -0.765486 0.502258 -0.0210118 -0.830734 0.239117
i0763.jpg 1.49292 -0.0995015 0.37687 0.95224 0.00988406 -0.303898 0.0280442
i0774.jpg 2.30176 1.03996 5.04747 0.991284 0.0161253 -0.12941 0.0186816
i0051.jpg 1.03876 0.0553557 -0.161285 0.534719 0.0580143 0.834971 -0.116334
i0087.jpg -0.650353 0.0158526 -0.961759 -0.390573 -0.0496348 0.909742 -0.131748
i0461.jpg -0.7504 -0.07872 -0.961767 -0.473808 -0.0180882 0.861511 -0.1816
i0145.jpg -1.00213 0.143363 0.325406 0.834663 0.0449584 -0.537231 0.11269
i0122.jpg -0.508382 -0.372095 -0.760239 -0.227199 0.0239303 0.892416 -0.389105
i0334.jpg -0.751086 0.633031 2.88588 0.868189 0.00170812 0.476424 -0.138797
i0245.jpg 0.925242 0.156435 0.643613 0.8184 0.00822667 0.550379 -0.165035
i0322.jpg -0.838402 -0.166071 -0.76433 0.50243 -0.0221775 -0.829942 0.241389
i0076.jpg -0.793822 0.0573879 -0.61941 -0.402513 -0.0697692 0.902769 -0.134621
i1160.jpg -9.5118 1.5518 2.55387 0.682863 -0.100741 0.664572 -0.286172
i0115.jpg -0.952592 -0.171534 -0.595296 0.580518 -0.0995831 -0.751192 0.297982
i1010.jpg -3.98634 0.216337 0.420768 0.617079 -0.0229298 0.751872 -0.231032
i0706.jpg 1.08061 -0.30113 -0.0653636 0.995275 0.000609786 -0.0966732 -0.00908111
i0185.jpg -1.10249 0.162782 0.148354 0.819068 0.00834524 -0.56285 0.110711
i0797.jpg 1.32814 -0.373209 -0.83372 0.990064 0.00374011 0.115077 -0.0807236
i1128.jpg -3.80979 -2.92843 -8.60478 0.997694 -0.0394528 0.0499923 -0.0234913
i0994.jpg 0.814437 0.770506 2.9847 -0.211501 0.0100665 0.942123 -0.259942
i0156.jpg -2.05852 -0.268942 0.724647 0.294535 -0.00125427 0.925553 -0.237905
i0915.jpg 1.12734 -0.225394 -0.612131 0.967665 0.0161383 0.240901 -0.0730132
i0126.jpg -0.87554 -0.164125 -0.438345 -0.483552 0.0487556 0.806786 -0.336002
i0613.jpg 6.95702 -0.0656502 0.42047 0.213475 0.0139576 0.946522 -0.241515
i0472.jpg -1.70622 -0.263508 -1.64855 0.850328 0.0468216 -0.514352 0.100954
i0990.jpg -3.28577 0.637307 1.80685 0.429466 -0.0220472 0.864157 -0.261352
i1112.jpg 0.321066 -2.60164 -7.31362 0.989252 -0.0416474 -0.137304 0.0281891
i1073.jpg -2.89002 1.62397 4.83803 0.294504 -0.0155507 0.916647 -0.269783
i0754.jpg 0.818427 0.215959 2.78456 0.959943 0.0288658 -0.27742 0.026743
i0669.jpg 1.03897 -0.0325158 -0.216031 0.52462 0.011285 0.82444 -0.212003
i0345.jpg 2.49841 -0.419061 -1.81616 0.994522 0.0448335 0.0889115 -0.0317869
i0158.jpg 0.124517 -0.141483 -1.04751 0.0199658 0.00600269 0.970562 -0.239945
i1159.jpg -9.55723 1.34393 2.55076 0.689559 -0.084222 0.668045 -0.266705
i0983.jpg 0.322099 -1.20186 -3.48924 0.998755 -0.0345794 -0.0359522 -0.000609174
i0801.jpg -5.47178 1.01581 4.38652 0.726434 0.0125632 -0.668577 0.158556
i0705.jpg 1.09782 -0.177886 0.506707 0.96247 0.00437755 -0.269541 0.0313004
i0138.jpg -0.825292 -0.0893367 -0.661712 -0.465933 -0.0261251 0.856381 -0.220989
i0030.jpg 1.58936 -0.000634902 -0.106795 0.982347 0.140807 -0.12296 0.00701734
i0327.jpg -0.383056 -0.239183 -0.605323 0.865545 -0.0134698 0.478074 -0.148643
i1006.jpg -1.61496 -1.08184 -3.16401 0.9762 -0.0296379 0.201885 -0.0734731
i0109.jpg 0.783806 -0.329183 -0.541792 0.339237 -0.0436002 0.862189 -0.373694
i0328.jpg 0.0942718 -0.884893 -2.46081 0.878822 -0.0219441 0.455661 -0.139869
i0238.jpg -0.859185 -0.0805856 -0.685298 0.505362 0.0271356 -0.836944 0.208324
i0382.jpg 0.0322084 -0.108394 -1.18277 -0.0400196 -0.00564182 0.977794 -0.205636
i0354.jpg -0.0502306 -0.107534 -1.1288 -0.0715209 -0.00597843 0.97662 -0.202641
i0692.jpg 1.01346 -0.259456 -0.751911 0.954251 0.0155716 0.28636 -0.0846223
i0231.jpg -0.791151 -0.157428 -0.917872 -0.484243 -0.0303258 0.84681 -0.217947
i0314.jpg -0.373629 -0.0542502 -0.00113367 0.875591 0.0135121 0.467681 -0.120136
i0537.jpg -0.845865 0.121617 0.724932 0.958715 0.0365956 0.275494 -0.0602395
i0001.jpg 1.02577 -0.0304465 0.623167 0.759097 0.121325 0.633279 -0.0895003
i1081.jpg 4.93968 -1.39859 -3.17701 0.84046 -0.0418495 -0.525034 0.127339
i0190.jpg -0.180147 -0.167188 -1.10818 -0.176049 -0.00541409 0.955021 -0.238563
i0941.jpg -0.816022 -0.466239 -1.66123 0.743166 0.00148348 0.646171 -0.173678
i0457.jpg -0.393662 -0.0996996 -1.09634 -0.268541 -0.0124465 0.942727 -0.197478
i0130.jpg -0.868295 -0.0386174 -0.503053 -0.470525 -0.0296408 0.855493 -0.214148
i1123.jpg -2.46816 -2.44953 -7.03272 0.998369 -0.038641 0.0359624 -0.0217642
i0713.jpg -0.496233 0.538822 2.35867 0.831372 0.00730529 -0.542443 0.120509
i1019.jpg 3.28408 -0.122737 0.307552 0.701141 -0.0328247 -0.688623 0.181993
i0779.jpg 3.83953 -0.829426 -3.04315 0.731733 0.00335631 0.658484 -0.17594
i1066.jpg -2.76249 -1.82239 -5.2187 0.98887 -0.035845 0.133311 -0.0554998
i1148.jpg 4.81954 -2.7517 -7.12671 0.913082 -0.0391772 -0.394706 0.0946193
i1191.jpg 7.53427 0.928969 1.33344 0.507862 -0.0889612 -0.783358 0.347149
i0474.jpg -2.45977 -0.0206584 -0.24554 0.978369 0.0454355 -0.199841 0.0281707
i0257.jpg -0.880244 -0.107247 -0.739066 0.533394 -0.0058181 -0.81956 0.209234
i0351.jpg 0.976209 -0.0128407 -0.307683 0.46263 0.0229853 0.867177 -0.18289
i0269.jpg 1.07391 0.00234157 0.0508912 0.600712 0.00821219 0.770656 -0.212524
i0923.jpg 1.58768 -0.0220516 0.19527 0.982932 0.0088257 -0.181017 0.0316236
i0799.jpg -7.068 0.0907838 0.535985 -0.485706 -0.0107727 0.848506 -0.209789
i0107.jpg 1.08613 -0.00118655 0.139345 0.645391 -0.0727997 0.691054 -0.317198
i0096.jpg -0.672095 0.0780653 -0.737322 -0.32271 -0.0508957 0.935784 -0.132575
i0499.jpg 0.00132347 0.33599 2.10596 0.795769 0.0316458 0.589369 -0.135623
i0098.jpg -0.825165 0.056274 -0.577376 -0.425983 -0.0732576 0.89186 -0.133261
i0193.jpg -0.863701 -0.100101 -0.724372 0.506204 0.0340535 -0.836001 0.209048
i0237.jpg -0.859187 -0.0805559 -0.685355 0.505361 0.0271382 -0.836946 0.208316
i0418.jpg -0.884867 -0.0422412 -0.730074 0.544932 0.0256263 -0.8206 0.170321
i0521.jpg -1.09801 0.0895045 -0.380142 0.708954 0.0156587 -0.689608 0.1469
i0870.jpg 0.987836 0.0821388 1.22783 0.879382 0.027036 -0.468619 0.0797034
i1027.jpg 2.3352 -1.42223 -3.79278 0.953616 -0.0422104 -0.289206 0.0720709
i0015.jpg 0.570287 0.153794 -0.390325 0.191913 0.017851 0.977019 -0.0910203
i1131.jpg -3.85292 -2.92291 -8.58923 0.997561 -0.039424 0.0523128 -0.0241085
i0270.jpg 0.985129 -0.0710695 -0.205293 0.466286 0.00931063 0.854482 -0.228805
i0644.jpg -1.85634 -0.329137 -1.81361 0.824582 0.0164505 -0.546857 0.144016
i0421.jpg -1.02911 0.0104475 -0.448869 0.679065 0.0320313 -0.718594 0.146518
i0033.jpg 0.287549 0.0552318 -1.59855 0.921384 0.129816 0.363405 -0.0462131
i1170.jpg 5.36885 2.99772 6.78767 -0.242167 0.0682858 0.881875 -0.398734
i0388.jpg -0.994909 0.0109159 -0.524293 0.630911 0.0261867 -0.760368 0.152006
i0453.jpg 0.155441 -0.127479 0.498778 0.409433 0.0242358 0.886123 -0.215787
i0189.jpg 0.237183 -0.166009 -1.09756 0.0067284 0.0149269 0.97067 -0.239859
i0099.jpg -0.82518 0.0562488 -0.577393 -0.425985 -0.0732604 0.891857 -0.13327
i1182.jpg -9.8951 0.669868 1.00334 0.74315 -0.131126 0.59575 -0.274983
i1119.jpg -6.80937 -1.36472 -3.97763 0.924643 -0.0328263 0.360599 -0.118012
i0835.jpg 4.2711 1.48664 7.01703 0.999101 0.0174702 -0.0382041 -0.00575429
i0368.jpg -0.994513 -0.628422 -2.87233 0.775067 0.0293404 0.613746 -0.147397
i0637.jpg -1.01381 0.904616 3.8073 0.883684 0.0136704 0.451573 -0.122467
i0725.jpg 1.11229 -0.188454 0.416965 0.954593 0.00308692 -0.295398 0.0385066
i0089.jpg -1.01875 0.0602851 -0.436363 0.65274 0.0762623 -0.747047 0.100174
i1162.jpg -9.50618 1.67809 2.44998 0.680897 -0.116116 0.657078 -0.301902
i0984.jpg -0.925085 -1.11776 -3.40849 0.990296 -0.0292243 0.125339 -0.0524406
i0723.jpg 0.704156 -0.0921132 0.880904 0.899777 0.00568848 -0.430377 0.071721
i0442.jpg -1.00444 0.0830831 -0.0705633 0.858021 0.0421506 -0.502027 0.0999577
i0998.jpg 3.33879 -0.280747 -0.206766 0.750773 -0.0348439 -0.638304 0.166414
i0013.jpg 1.02751 0.0670049 -0.247445 0.502114 0.067774 0.8565 -0.0984666
i0939.jpg 0.997739 -0.052844 -0.310077 0.478446 0.0102943 0.850896 -0.216704
i0873.jpg 1.77302 0.0362703 0.818756 0.995651 0.0365346 -0.0804222 -0.0295978
i1102.jpg -2.06197 2.15549 6.80482 0.223331 -0.0153278 0.93618 -0.271028
i0125.jpg -0.875591 -0.164025 -0.438383 -0.483573 0.0487693 0.806784 -0.335973
i0100.jpg -0.830289 -0.0761912 -0.561383 -0.43651 -0.0112323 0.866314 -0.242555
i0323.jpg -0.838403 -0.16607 -0.764329 0.502431 -0.0221784 -0.829941 0.24139
i0433.jpg 0.694125 -0.0501811 -0.720664 0.309818 0.000929372 0.929715 -0.199103
i0350.jpg 1.06394 0.0320187 -0.0494743 0.588324 0.0272343 0.79019 -0.169507
i0859.jpg -7.87541 1.36537 5.25309 0.720511 0.00550511 -0.675702 0.155756
i0804.jpg 0.40748 1.53991 6.89621 0.958685 0.0153196 -0.278288 0.0569675
i1015.jpg 0.172732 0.866003 3.59984 -0.0969212 0.0144368 0.95622 -0.275756
i0213.jpg 0.868876 -0.121794 -0.351404 0.363781 0.0160794 0.903404 -0.226421
i1075.jpg -4.70644 -0.704938 7.54191 -0.0426334 0.00255348 0.957344 -0.285778
i0709.jpg 0.481311 -0.476239 -0.891794 0.921424 -0.0047151 0.371827 -0.112692
i0024.jpg 1.47012 -0.0710252 0.587347 0.927358 0.13929 -0.346227 0.0270629
i0834.jpg 1.70653 1.77364 8.01426 0.980194 0.0159007 -0.194264 0.0350439
i0124.jpg -0.875524 -0.164118 -0.438357 -0.483544 0.0487584 0.806791 -0.335999
i0509.jpg 0.0163214 0.280929 1.72934 0.876756 0.0531865 0.466926 -0.102226
i1044.jpg -1.66336 1.34526 3.79903 0.177655 -0.0052063 0.944609 -0.275907
i0343.jpg 3.26573 -0.0707334 0.133985 0.967024 0.0430129 -0.247827 0.0399411
i0308.jpg -0.371354 0.360242 1.0147 0.997509 0.00492889 -0.0703355 -0.00213238
i0610.jpg 3.30761 1.35962 6.31548 0.667669 0.0179291 0.720809 -0.185284
i0324.jpg -0.838415 -0.16606 -0.764318 0.502437 -0.0221806 -0.829938 0.241386
i0180.jpg -0.267404 -0.103144 -0.253053 0.99162 0.0371123 0.120958 -0.0260994
i1195.jpg 8.07298 -0.781629 -0.744082 0.635277 -0.122829 -0.701044 0.299788
i0942.jpg -0.268921 -0.438624 -1.75775 0.839967 0.00424932 0.524221 -0.140107
i0392.jpg 1.64083 0.00200655 0.287031 0.968274 0.0374948 -0.24392 0.0392723
i0340.jpg -1.14022 0.119896 -0.0620732 0.772672 0.0387137 -0.623609 0.11221
i0674.jpg 0.150392 0.0560829 1.79095 0.886252 0.0202622 -0.456629 0.0750773
i0486.jpg -1.79187 0.258204 1.62846 0.982331 0.0539931 0.175045 -0.0383474
i0791.jpg 1.57205 -0.0544552 0.421737 0.959983 0.0161105 -0.278498 0.0247565
i0032.jpg 0.834341 0.0773171 -1.15574 0.965144 0.139148 0.219812 -0.0285903
i0872.jpg 1.5929 0.0818056 1.1408 0.979653 0.0358458 -0.197471 0.000992329
i0170.jpg -0.802041 -0.113296 -0.789597 -0.471386 -0.0315041 0.854872 -0.214468
i0439.jpg -0.884938 -0.0423508 -0.729961 0.544946 0.025623 -0.820586 0.170341
i0913.jpg 1.40184 -0.0998682 -0.0835039 0.995413 0.0169592 0.0879523 -0.0336212
i0519.jpg -0.0514828 0.166826 0.447251 0.870692 0.0419325 0.476097 -0.116054
i0838.jpg 8.27281 -0.250739 0.718058 0.901724 0.0116208 0.411794 -0.131092
i0862.jpg -0.0368349 2.15547 9.18833 0.958909 0.0107987 -0.277313 0.0589469
i0026.jpg 1.6327 -0.0148837 0.432315 0.926287 0.139599 -0.348812 0.0289035
i0770.jpg -5.38168 0.831236 3.43892 0.698847 0.0106565 -0.698389 0.154114
i1071.jpg -5.65673 0.995589 2.52031 0.570042 -0.0169824 0.785547 -0.240166
i0777.jpg 5.08591 -0.0319565 0.81982 0.9333 0.0136098 0.343159 -0.104918
i0605.jpg -6.80796 0.811052 3.7227 0.997712 0.0131058 0.0641569 -0.0168148
i0741.jpg -3.22999 0.603446 2.3201 0.671244 0.00290796 -0.723738 0.16008
i0154.jpg -1.11823 0.106539 0.0560928 0.795543 0.017058 -0.592449 0.125795
i0989.jpg -3.84775 0.346868 0.833541 0.570661 -0.0212523 0.784976 -0.240222
i0850.jpg 1.20425 0.176843 1.43312 0.929388 0.0365126 -0.363621 0.0518089
i1192.jpg 8.06382 -0.655547 -0.593628 0.626699 -0.120407 -0.707643 0.303302
i0316.jpg -0.373948 -0.0505386 0.00354585 0.87409 -0.0116005 0.465565 -0.138136
i0199.jpg -0.830041 -0.140364 -0.872196 0.501744 0.0387567 -0.838234 0.210034
i0583.jpg 0.478272 -0.111018 -0.961261 0.15841 -0.000169505 0.961471 -0.224676
i0342.jpg 3.03149 0.111713 1.21856 0.909592 0.0393392 -0.406894 0.0743751
i0192.jpg -0.82333 -0.108745 -0.768314 -0.483186 -0.0321999 0.848694 -0.212632
i0393.jpg 1.50918 -0.0918828 -0.199483 0.996339 0.0397219 -0.075607 0.0037966
i0733.jpg 0.818241 0.216096 2.78478 0.959945 0.0288708 -0.277409 0.0267482
i0584.jpg 0.151007 -0.135523 -1.06886 -0.00491235 0.000379784 0.97383 -0.227226
i0579.jpg 1.23131 1.22821 5.55589 0.755203 0.0148441 0.633891 -0.166225
i1179.jpg -6.29553 -4.53461 -6.07934 0.959927 -0.19065 0.181183 -0.0967734
i0065.jpg 2.12604 -0.121598 -2.23628 0.977917 0.114309 0.171998 -0.0320628
i0396.jpg 0.0467267 -0.318292 -1.63354 0.900734 0.0321569 0.421199 -0.10117
i0755.jpg 0.991698 0.0917197 2.26197 0.956877 0.0217839 -0.288002 0.0310896
i1031.jpg 2.31612 -1.4252 -3.80347 0.954323 -0.0422135 -0.287006 0.0715043
i1048.jpg 3.95028 0.515538 2.44123 -0.454705 0.0454557 0.855108 -0.244883
i0643.jpg -1.77506 -0.339377 -1.98225 0.800613 0.0165979 -0.579521 0.15132
i0008.jpg 1.02582 -0.0297248 0.622155 0.759059 0.121318 0.633357 -0.0892807
i1076.jpg -3.445 -0.615835 10.4699 -0.199889 0.013661 0.939317 -0.278462
i0550.jpg 1.09304 0.830317 3.78789 0.733447 0.0148235 0.657436 -0.172089
i1142.jpg 3.9295 1.65808 8.24189 -0.141075 0.0129553 0.954626 -0.261953
i1122.jpg -4.38315 -2.13555 -6.20193 0.984293 -0.036046 0.162082 -0.0599733
i0703.jpg 0.602394 -0.075855 0.950749 0.883074 0.00634994 -0.462403 0.0795265
i0372.jpg 0.834065 -0.047203 -0.437569 0.344307 0.0197199 0.918908 -0.1915
i0459.jpg -0.787597 -0.0603558 -0.843008 -0.480073 -0.0225406 0.858535 -0.178715
i0611.jpg 5.1652 0.990399 4.7634 0.532557 0.0169998 0.820067 -0.208769
i0153.jpg -1.04261 -0.00135049 -0.401382 0.673439 0.0160157 -0.721033 0.16228
i0929.jpg 1.29865 0.14209 0.773046 0.898074 0.00220303 -0.430134 0.0918792
i0636.jpg -1.22044 1.16019 4.79596 0.88442 0.0117903 0.450413 -0.121616
i0083.jpg 0.710317 0.031807 -0.425241 0.266268 0.0290717 0.953736 -0.136544
i0972.jpg 0.899588 -0.465293 -1.88272 0.997343 0.0137992 -0.0712697 0.00615395
i0029.jpg 1.65724 0.0040461 0.273666 0.949976 0.140742 -0.277806 0.0236742
i0888.jpg 0.27135 1.54511 6.90222 0.955917 0.0152498 -0.287124 0.0595899
i0646.jpg -1.78427 -0.337935 -1.9664 0.803125 0.0166044 -0.576241 0.150538
i0493.jpg -2.43118 -0.0513862 -0.444854 0.969175 0.0465693 -0.239228 0.0360723
i0538.jpg -0.273271 0.165292 0.544667 0.900291 0.040772 0.421595 -0.100356
i0207.jpg -0.982008 -0.105282 -0.700437 0.584426 0.036189 -0.786197 0.197565
i0973.jpg 0.899584 -0.465246 -1.88272 0.997343 0.0138045 -0.0712692 0.00615261
i0111.jpg 0.122104 -0.45438 -1.01617 0.00130991 0.00947265 0.926405 -0.376408
i0673.jpg 0.15031 0.0561016 1.79089 0.886244 0.0202602 -0.456642 0.0750995
i0067.jpg 0.846236 -0.140899 -2.92585 0.914588 0.10449 0.385795 -0.0614301
i0492.jpg -2.16139 -0.180316 -1.18624 0.917514 0.0422267 -0.389315 0.0694184
i0718.jpg 2.15534 -0.137493 -0.046268 0.962146 0.0153939 0.259671 -0.0812985
i0659.jpg -0.395024 -0.28757 -1.01665 0.809662 0.00995555 0.567535 -0.149174
i0542.jpg -3.44392 -0.253796 -2.33424 0.893238 0.036383 -0.441267 0.0780033
i0548.jpg -1.29615 0.881754 3.6477 0.90059 0.0139318 0.418768 -0.115662
i0935.jpg -0.223131 -0.161942 -1.1702 -0.175461 -0.000323285 0.957708 -0.228052
i0476.jpg -2.09841 0.201741 1.02817 0.994289 0.0423391 0.0913544 -0.0353788
i0909.jpg 1.66081 -0.0210786 0.2133 0.995609 0.0179233 0.0853478 -0.034011
i1188.jpg 1.99614 4.16491 7.91398 -0.0149915 0.0264055 0.911178 -0.410892
i1038.jpg -4.12435 -0.84705 -2.54878 0.902389 -0.0289476 0.408529 -0.134017
i0530.jpg 0.585248 0.866021 3.88153 0.775612 0.0143233 0.61044 -0.159949
i0361.jpg 2.9138 0.154242 1.47419 0.890766 0.0380978 -0.445286 0.0824922
i0906.jpg 2.17446 0.104702 0.894723 0.995443 0.0181419 0.0865643 -0.0356365
i0429.jpg -0.50174 0.0857187 0.521669 0.867393 0.0454416 0.483285 -0.109542
i0034.jpg 0.287693 0.0553295 -1.59791 0.921387 0.129819 0.363395 -0.0462212
i0858.jpg -9.19929 0.776931 2.59617 0.60201 0.00397249 -0.777745 0.180779
i0332.jpg -0.751076 0.633096 2.88587 0.868187 0.0017195 0.47642 -0.138824
i0141.jpg -0.825637 -0.0738536 -0.663175 -0.465739 -0.0321343 0.858856 -0.210761
i0856.jpg -9.10334 -0.525014 -3.11376 -0.329311 -0.00297873 0.919591 -0.214239
i0157.jpg -3.24902 -0.463071 3.95167 0.0464098 -0.038716 0.961935 -0.266511
i1032.jpg 1.69208 -1.49411 -4.09468 0.973786 -0.0409842 -0.217417 0.0528362
i0450.jpg -0.150311 0.00147464 0.422544 0.745534 0.0331684 0.648859 -0.148528
i0259.jpg -1.07423 0.0899659 -0.119297 0.786607 -0.00692679 -0.600799 0.142273
i0664.jpg -0.676675 -0.295814 -0.936623 0.716306 0.0103427 0.674479 -0.178541
i0073.jpg -0.793848 0.0573518 -0.619378 -0.402525 -0.0697731 0.902761 -0.134638
i0477.jpg -1.61934 0.290993 1.58143 0.965902 0.0412547 0.246508 -0.0675717
i1012.jpg -3.00058 0.744399 2.09741 0.374901 -0.0193722 0.887818 -0.266184
i0446.jpg -0.594383 0.115336 0.660126 0.994103 0.0531215 0.0916705 -0.0231102
i0082.jpg 0.936235 0.0242146 -0.382768 0.420355 0.0478127 0.896265 -0.133134
i0173.jpg -0.889659 -0.0937894 -0.69336 0.521618 0.03511 -0.827076 0.206466
i0849.jpg 1.20591 0.172622 1.44212 0.929335 0.0362481 -0.363832 0.051466
i0023.jpg 1.22528 -0.104905 0.926854 0.872531 0.1325 -0.468519 0.0402935
i1093.jpg 0.0226433 -2.59543 -7.32298 0.991776 -0.0413382 -0.118836 0.0234575
i0720.jpg -0.786053 -0.0298089 1.3382 0.619681 0.0163099 -0.768283 0.159595
i0500.jpg 0.6165 0.310873 2.01661 0.69764 0.0285599 0.698187 -0.15817
i0386.jpg -0.609226 -0.0813526 -0.993192 -0.368172 -0.0160543 0.910171 -0.189157
i1176.jpg 3.57846 -5.16408 -6.49248 0.924031 -0.192095 -0.308832 0.11785
i0420.jpg -0.915915 -0.0338196 -0.687983 0.568306 0.0267057 -0.805317 0.166673
i1017.jpg 2.28703 0.487713 2.16655 -0.446034 0.0218959 0.863178 -0.235581
i0435.jpg 0.250785 -0.0905768 -1.1495 0.0401297 0.00195924 0.978448 -0.202549
i0367.jpg 0.132372 -0.654994 -3.00889 0.868918 0.0359334 0.478627 -0.120855
i0576.jpg -3.86346 1.06814 4.26325 0.970072 0.0143841 0.232138 -0.0697498
i0744.jpg 0.800514 0.797045 3.58516 0.954668 0.0115029 -0.291574 0.0588339
i0348.jpg -0.505645 -0.636858 -2.96347 0.819763 0.0330768 0.555625 -0.134818
i0061.jpg 2.70435 -0.0200565 1.83661 0.854737 0.105155 -0.504388 0.0629232
i1069.jpg -6.64208 -0.156043 -0.491323 0.78364 -0.0274342 0.593298 -0.18208
i0701.jpg 0.599904 -0.0756158 0.952678 0.882681 0.00634827 -0.463116 0.0797313
i0734.jpg 0.823678 0.204451 2.72967 0.961604 0.0282423 -0.271798 0.025426
i0619.jpg -2.67152 -1.46658 -6.38092 0.707622 0.0137645 -0.684867 0.173317
i0300.jpg -0.0234544 -0.239461 -1.10896 -0.107819 0.00540694 0.956695 -0.270334
i0014.jpg 0.853335 0.100531 -0.490711 0.353884 0.0432858 0.928954 -0.0996804
i0830.jpg -7.48123 0.988816 3.932 0.672146 0.00852538 -0.720983 0.168318
i0277.jpg -0.403683 -0.217912 -1.13187 -0.2675 0.00795058 0.931756 -0.24538
i0602.jpg -3.47596 0.134663 -1.19535 0.912957 0.0276002 -0.399377 0.0790312
i0283.jpg -0.515174 -0.156709 0.235028 0.927112 0.0259192 0.362347 -0.0921784
i0661.jpg -0.396337 -0.285673 -1.02008 0.809565 0.0101361 0.56767 -0.149171
i0273.jpg 0.0117932 -0.22025 -1.19022 -0.0462968 0.00310979 0.966556 -0.252224
i0642.jpg 0.790991 0.852488 3.84701 0.75908 0.0144341 0.629662 -0.164667
i0630.jpg -1.44592 1.36716 6.31084 0.882052 0.0182627 0.456442 -0.115373
i0572.jpg -5.50633 -0.486082 -2.28867 0.925992 0.00662 -0.368475 0.0819831
i0215.jpg -0.0251942 -0.205026 -1.13237 -0.0482205 -0.00912953 0.969662 -0.239471
i0104.jpg -0.816137 -0.216383 -0.522645 -0.431809 0.0435442 0.830143 -0.35001
i0811.jpg 0.647787 0.194478 1.46237 0.744119 0.0183116 -0.657044 0.119352
i0265.jpg -0.538569 -0.156156 -0.963794 -0.322969 -0.00627788 0.91446 -0.243752
i0374.jpg 0.824625 -0.0668105 -0.446635 0.337858 0.0207237 0.920198 -0.196615
i0320.jpg -0.8384 -0.166071 -0.764332 0.502429 -0.022171 -0.829943 0.241388
i0021.jpg -1.0519 0.0713853 -0.340621 0.691784 0.105779 -0.710542 0.0733238
i0681.jpg 1.46005 -0.178617 0.933366 0.998002 0.013161 0.0295275 -0.0542814
i0855.jpg -7.76745 -1.16134 -5.61431 -0.182669 -0.00378993 0.956744 -0.226404
i1074.jpg 1.75008 -0.0425505 0.603193 0.991499 -0.0306568 -0.121713 -0.034297
i0640.jpg -0.988052 0.891322 3.72976 0.88284 0.0136165 0.453074 -0.123016
i0284.jpg -0.515294 -0.15671 0.235215 0.927113 0.0259092 0.362343 -0.0921847
i1053.jpg 1.96136 -1.46909 -3.98255 0.966212 -0.0415988 -0.247 0.0607822
i0762.jpg 1.47748 -0.091693 0.39795 0.948336 0.00996152 -0.315595 0.0309654
i1133.jpg -7.87266 -1.95406 -5.83461 0.950139 -0.0338118 0.296489 -0.0904834
i0930.jpg -1.02767 0.143722 -0.279338 0.825334 0.00293819 -0.552904 0.11451
i0556.jpg -1.32191 0.0820858 0.65262 0.989198 0.0328386 0.140663 -0.024951
i0226.jpg -0.203285 -0.227071 -1.18121 -0.227252 -0.0170816 0.940794 -0.250942
i0146.jpg 0.729434 -0.0837841 -0.857114 0.322297 0.00580767 0.922552 -0.212105
i0931.jpg -1.15958 0.0921974 -0.0932084 0.751833 0.0115931 -0.643893 0.14147
i0708.jpg 0.778084 -0.434189 -0.677346 0.973272 -0.00316607 0.215628 -0.0789666
i0645.jpg -1.85614 -0.330177 -1.81248 0.824533 0.0164098 -0.546909 0.144109
i0385.jpg -0.305427 -0.109919 -1.14819 -0.215245 -0.00998686 0.955525 -0.201349
i0670.jpg 1.03905 -0.0322599 -0.215463 0.524818 0.0111816 0.82432 -0.211984
i0795.jpg 1.61798 -0.11688 0.168496 0.979315 0.0143467 -0.201781 0.0045949
i0131.jpg -0.867278 -0.0401913 -0.506674 -0.470235 -0.0296492 0.855572 -0.214467
i0181.jpg -0.326354 -0.0895959 -0.174657 0.966383 0.0355401 0.248705 -0.054656
i0391.jpg 1.3457 0.0728561 0.761272 0.910482 0.0331131 -0.405581 0.0736906
i0299.jpg 0.396907 -0.231119 -1.03784 0.0802776 0.0203979 0.959075 -0.270765
i0896.jpg 3.45847 0.813722 4.21573 0.999736 0.0169052 0.00131469 -0.0155323
i0609.jpg 1.12551 1.56912 7.17757 0.780527 0.0189267 0.604398 -0.158499
i1190.jpg 6.43115 2.28979 5.82228 -0.338577 0.0832222 0.850805 -0.393155
i0827.jpg 0.839718 -0.414667 -1.36066 0.973088 0.00780212 0.212774 -0.0881218
i0687.jpg 0.366703 0.310148 1.44935 0.838709 0.00578218 -0.531373 0.119064
i0445.jpg -0.64201 0.0891698 0.42648 0.996603 0.0510047 -0.0636267 0.0115195
i1045.jpg -0.620432 0.917802 3.37975 0.0164732 0.00546772 0.960089 -0.279156
i0982.jpg 0.620183 -1.1948 -3.4512 0.996542 -0.034928 -0.0743786 0.012304
i1143.jpg 6.14015 1.08049 7.19986 -0.311594 0.00983864 0.919921 -0.237819
i0769.jpg -6.58722 0.432978 1.88711 0.581989 0.0114051 -0.792789 0.180676
i0080.jpg -0.979208 0.0887214 0.142723 0.710918 0.100315 -0.689942 0.0922651
i0043.jpg 0.163273 0.066558 -3.0481 0.865296 0.124473 0.482283 -0.0563243
i0868.jpg -0.00892362 0.179784 1.55239 0.685148 0.0267561 -0.713349 0.144875
i0218.jpg -0.313818 -0.2276 -0.268863 0.899056 0.0433936 0.423423 -0.10261
i0688.jpg 0.988051 0.24665 1.24146 0.920281 0.00932056 -0.381712 0.085392
i0580.jpg 2.72478 1.05804 4.87272 0.65052 0.0147753 0.73413 -0.194061
i0531.jpg -1.71902 -0.340654 -2.10058 0.784714 0.0170145 -0.59978 0.155558
i0362.jpg 3.20273 -0.0441892 0.497979 0.956201 0.0404728 -0.285855 0.048265
i0554.jpg -2.0296 -0.0779272 -0.0685063 0.986646 0.0244762 -0.153141 0.0497888
i0820.jpg 1.63014 -0.11386 0.0881898 0.957593 0.0147844 -0.285909 0.0324512
i0926.jpg 1.60909 -0.0361513 0.119808 0.983001 0.00830781 -0.180841 0.0306101
i0081.jpg 1.06494 0.0279244 -0.0966661 0.564457 0.0656925 0.813582 -0.123113
i0784.jpg 1.46098 -0.0097562 0.8526 0.961649 0.0171742 -0.273192 0.0173877
i0271.jpg 0.795486 -0.13855 -0.279176 0.319445 0.010307 0.91619 -0.241754
i0255.jpg -0.341232 -0.220741 -1.16003 -0.236498 0.00827952 0.939707 -0.246881
i1007.jpg -2.85495 -0.859994 -2.54837 0.923141 -0.0283627 0.36351 -0.121925
i0876.jpg -9.54897 -0.0586571 -1.1519 -0.429421 -0.00208117 0.879513 -0.205059
i0326.jpg -0.831901 -0.147433 -0.77521 0.500953 -0.0235999 -0.831728 0.238154
i0038.jpg -0.0615868 0.0178434 -1.70161 0.866735 0.117018 0.481163 -0.0596666
i0219.jpg -0.0235373 -0.242737 -0.927974 0.812821 0.0465116 0.563528 -0.139983
i0826.jpg 1.35554 -0.34464 -0.965804 0.996236 0.00974401 0.0649805 -0.0565345
i0494.jpg -2.34985 0.0897473 0.47732 0.990902 0.0389859 -0.127316 0.0195973
i0349.jpg -1.56826 -0.553382 -2.72149 0.710347 0.02829 0.685208 -0.158418
i0656.jpg -0.273436 0.0402338 0.447383 0.809795 0.0146233 0.56735 -0.148767
i1106.jpg -6.22848 0.000244955 18.2643 -0.451537 0.0030116 0.857727 -0.245783
i0331.jpg -0.751071 0.633001 2.8859 0.868185 0.00176609 0.476414 -0.138859
i0426.jpg -0.629845 0.100779 0.512305 0.998634 0.0520075 -0.00477866 -0.00146101
i0921.jpg 1.40543 0.123744 0.75668 0.984495 0.0153157 -0.171576 0.0331097
i1042.jpg -4.03216 0.778292 2.22801 0.478009 -0.0243107 0.840058 -0.255378
i0524.jpg -4.04659 0.00267047 -0.768755 0.966097 0.0238929 -0.254234 0.038101
i1023.jpg 2.18857 -1.05058 -2.79816 0.952313 -0.0403548 -0.293128 0.0744775
i0689.jpg 1.37501 0.0656493 1.08483 0.973616 0.0152628 -0.225067 0.0344072
i1089.jpg 3.174 -2.50185 -6.63586 0.944776 -0.0451861 -0.315509 0.0762321
i0452.jpg 0.0511157 -0.087694 0.512272 0.525683 0.0279252 0.826769 -0.198318
i0155.jpg 2.72348 0.332902 1.7775 0.863497 0.0244372 -0.491328 0.111232
i0228.jpg -0.78725 -0.155418 -0.913776 -0.481473 -0.0300253 0.848376 -0.218038
i1047.jpg 1.50434 0.744871 3.13233 -0.286804 0.0241336 0.922196 -0.258294
i0717.jpg 2.18407 0.0954885 0.865599 0.994818 0.0180552 0.0928284 -0.0373458
i0831.jpg -5.8719 1.43543 5.94607 0.77794 0.00984238 -0.612235 0.140997
i0097.jpg -0.825171 0.0562725 -0.577384 -0.425984 -0.0732507 0.891859 -0.133265
i0790.jpg 1.57205 -0.0544533 0.421711 0.959986 0.0160996 -0.278487 0.0247591
i0252.jpg 0.721254 -0.155658 -0.191654 0.273756 0.0102575 0.930093 -0.244702
i0263.jpg 0.0911312 -0.198816 -1.08266 -0.0168577 -0.000752193 0.96441 -0.263872
i0975.jpg 0.898953 -0.507746 -1.87066 0.99745 0.00217281 -0.0710197 0.00665659
i1079.jpg 3.18402 -0.454354 -16.5778 0.598812 -0.0379335 -0.77267 0.207283
i0360.jpg 2.2749 0.291021 2.32959 0.804184 0.0332094 -0.583112 0.110299
i0137.jpg -0.825281 -0.0894423 -0.661708 -0.465925 -0.0261347 0.856372 -0.221038
i0501.jpg -2.91333 -0.209952 -2.35605 0.84843 0.0485858 -0.515454 0.110059
i0945.jpg 1.29866 -0.226686 -0.595505 0.997981 0.00961286 0.0561276 -0.0281315
i1061.jpg 1.96483 -1.97087 -5.36467 0.966902 -0.0416483 -0.244635 0.0593355
i0962.jpg 0.770953 -0.303247 -1.19459 0.999473 0.0160554 0.0240556 -0.0147122
i1103.jpg -3.73957 -1.57007 9.47653 0.0479884 0.000803419 0.955456 -0.291205
i0651.jpg -0.12379 0.462262 2.1031 0.814427 0.0100043 0.560845 -0.148535
i1147.jpg 6.82403 -2.21219 -5.23115 0.832825 -0.0384413 -0.535164 0.136104
i1124.jpg -2.4422 -2.43408 -7.05364 0.998481 -0.0373008 0.0340492 -0.0220283
i0832.jpg -3.85207 1.71721 7.325 0.860653 0.011775 -0.496626 0.111807
i0053.jpg 0.682126 0.0788737 -0.37564 0.24487 0.0239269 0.961567 -0.121883
i0311.jpg -0.35619 -0.0801803 -0.103573 0.936322 0.0114183 0.339912 -0.0873567
i0455.jpg 0.230726 -0.0916347 -1.153 0.0305782 0.00148318 0.978771 -0.20266
i0206.jpg -0.985032 -0.0986869 -0.696033 0.586562 0.0352229 -0.785192 0.195394
i0423.jpg -0.981641 0.0885336 -0.0457006 0.874673 0.0428425 -0.473552 0.0941321
i0078.jpg -0.870325 0.0620848 -0.502781 -0.464952 -0.077281 0.872623 -0.127971
i0549.jpg -0.101142 0.883141 3.82659 0.826325 0.012798 0.544908 -0.141766
i1178.jpg -3.26252 -5.64432 -7.20825 0.97841 -0.204315 0.0196898 -0.0241328
i1108.jpg -3.87018 1.82407 -16.9321 0.717585 -0.00515741 -0.675454 0.169726
i0406.jpg -0.783432 -0.0568354 -0.843469 -0.469056 -0.0202901 0.86468 -0.178614
i0691.jpg 1.37963 -0.11662 -0.149055 0.993471 0.0169118 0.106079 -0.0384167
i1164.jpg -8.92949 2.46038 3.60553 0.624482 -0.102076 0.704577 -0.321206
i0707.jpg 0.984243 -0.375725 -0.382252 0.997498 -0.00153804 0.0544784 -0.0450305
i0505.jpg -2.44305 0.208607 1.13652 0.997749 0.0540333 0.0386136 -0.00933153
i0520.jpg 0.332301 0.16726 0.0606661 0.819037 0.0434255 0.554736 -0.139856
i0159.jpg -0.295202 -0.133683 -1.01273 -0.177915 -0.0102298 0.95537 -0.235603
i1022.jpg 2.18897 -1.05042 -2.79791 0.952294 -0.0403461 -0.293186 0.074501
i0292.jpg -0.363913 -0.0733806 -0.0765427 0.921856 0.0118455 0.375171 -0.096375
i1158.jpg -9.57239 1.23844 2.57392 0.691945 -0.0738848 0.671204 -0.255419
i0242.jpg 0.925248 0.156261 0.643702 0.818399 0.0082222 0.550362 -0.165096
i0789.jpg 1.57206 -0.0544356 0.421686 0.959987 0.0161189 -0.27848 0.024763
i0631.jpg -1.31527 1.28795 5.46459 0.883442 0.0141777 0.45254 -0.120564
i0964.jpg 1.07465 -0.2618 -1.0127 0.997158 0.0148575 -0.0732983 0.00911455
i0458.jpg -0.671323 -0.0767906 -0.943863 -0.412029 -0.0192029 0.89174 -0.186179
i0985.jpg -2.21222 -0.999633 -2.90281 0.955455 -0.0292409 0.277373 -0.0965182
i1153.jpg -9.21828 -1.27366 -3.71041 0.900875 -0.0307089 0.415573 -0.121574
i0357.jpg -0.773106 0.222689 2.96268 0.868128 0.0657451 0.481936 -0.0988404
i0431.jpg -0.0958157 -0.0356778 0.457734 0.677583 0.0333566 0.715118 -0.168446
i0480.jpg 0.430534 0.323496 2.0558 0.729677 0.029613 0.665874 -0.152666
i0738.jpg 1.77188 -0.206283 -2.17068 0.964675 0.0136812 0.233231 -0.121727
i0012.jpg 1.0902 0.0347881 0.0870433 0.63745 0.091588 0.759366 -0.0929119
i0714.jpg 0.527563 0.511132 2.38808 0.916762 0.0121032 -0.390279 0.0841622
i0383.jpg 0.0320004 -0.108308 -1.18266 -0.040212 -0.00564494 0.977793 -0.205604
i0483.jpg -3.21452 -0.0294099 -0.695236 0.955319 0.0516642 -0.284573 0.0609444
i0035.jpg 0.249436 0.0472155 -1.61151 0.916664 0.128286 0.375465 -0.0479114
i1146.jpg 7.91003 -1.50076 -2.92224 0.735199 -0.0370005 -0.652168 0.181078
i0355.jpg -0.302145 -0.10281 -1.13768 -0.20882 -0.00755074 0.95768 -0.197956
i0735.jpg 1.91689 0.252987 -2.95308 0.969908 0.0324243 -0.2413 0.00091415
i0276.jpg -0.403636 -0.217912 -1.13191 -0.267487 0.00795367 0.93176 -0.245381
i0336.jpg -0.792713 0.201516 3.03159 0.865346 0.0648581 0.486796 -0.0999942
i0925.jpg 1.60915 -0.036114 0.119973 0.983003 0.0083099 -0.180829 0.0305964
i0084.jpg 0.168147 0.0104071 -0.978128 0.0368828 -0.000429587 0.988687 -0.145386
i0959.jpg 0.0794495 -0.393005 -1.43546 0.976546 0.0149098 0.205452 -0.0626451
i1016.jpg 1.34301 0.705153 2.79719 -0.290462 0.0143853 0.922409 -0.254137
i0376.jpg -0.0857198 -0.113987 0.139122 -0.0386443 -0.0164257 0.977691 -0.20581
i0712.jpg -0.630875 -0.456823 -0.813199 0.59743 -0.0160309 0.775984 -0.201668
i0487.jpg -0.908474 0.288723 1.8956 0.940813 0.0538658 0.32698 -0.0710923
i0638.jpg -1.00238 0.891123 3.72604 0.883682 0.0136264 0.451513 -0.122704
i0695.jpg -0.655722 0.0476879 1.77303 0.767462 0.0251387 -0.628136 0.125762
i1001.jpg 1.66307 -1.12543 -3.113 0.974286 -0.0382848 -0.215589 0.0531205
i0569.jpg -0.966337 0.00560249 -0.511518 0.59967 0.0066681 -0.78106 0.17406
i0085.jpg -0.0275858 -0.00904629 -1.23783 -0.0836006 -0.0141362 0.985137 -0.149389
i0118.jpg 4.10781 1.00385 2.29448 0.876119 -0.140229 -0.43327 0.158205
i1116.jpg -6.80937 -1.36472 -3.97764 0.924643 -0.0328267 0.360599 -0.118012
i0427.jpg -0.583828 0.109426 0.786734 0.984857 0.0526158 0.160536 -0.0389522
i0127.jpg -0.875552 -0.164122 -0.438339 -0.483557 0.0487587 0.806782 -0.336003
i0936.jpg 0.0206508 -0.157851 -1.18026 -0.0465975 -0.00235843 0.971928 -0.230607
i0378.jpg -0.0355531 -0.106319 -1.094 -0.0603695 -0.00668983 0.977369 -0.202636
i1136.jpg -9.61607 0.782449 2.71562 0.697641 -0.0267606 0.686005 -0.204885
i0287.jpg -0.363448 -0.0716668 -0.0828925 0.929073 0.0144585 0.357107 -0.0953361
i0272.jpg 0.258916 -0.220784 -0.918686 0.0890895 -0.0072009 0.961844 -0.258586
i0957.jpg 1.1068 -0.252712 -0.971412 0.995939 0.0147623 -0.0878831 0.0128103
i0103.jpg -0.810751 -0.220155 -0.529227 -0.427551 0.0432206 0.831943 -0.351003
i0208.jpg -0.98147 -0.100811 -0.700954 0.584468 0.0344544 -0.786509 0.196506
i1062.jpg 1.96482 -1.97084 -5.36469 0.966902 -0.0416456 -0.244634 0.0593339
i1040.jpg -5.05603 0.0628836 -0.170285 0.716824 -0.0244688 0.665804 -0.205596
i0377.jpg -0.0323152 -0.1069 -1.09935 -0.059122 -0.00643625 0.977412 -0.202803
i0976.jpg 0.900652 -0.623347 -1.79941 0.996894 -0.0307039 -0.071978 0.00884037
i0380.jpg 0.0337865 -0.107734 -1.18581 -0.0395382 -0.00558231 0.977852 -0.205454
i1169.jpg 2.72114 4.00945 7.76687 -0.0598444 0.0341454 0.909857 -0.409162
i0268.jpg 1.05456 0.0819699 0.357376 0.720541 0.00816471 0.66666 -0.190573
i0264.jpg -0.226872 -0.195869 -1.06959 -0.16936 -0.00372896 0.950876 -0.259111
i0004.jpg 1.02584 -0.0297562 0.622361 0.759065 0.121302 0.633349 -0.0893071
i0209.jpg -0.987619 -0.0962331 -0.69197 0.588333 0.0339243 -0.784028 0.194969
i0437.jpg -0.380907 -0.100309 -1.10046 -0.262258 -0.0121645 0.944422 -0.197837
i0105.jpg -0.901009 -0.135236 -0.393476 0.509281 -0.0518879 -0.793897 0.328128
i0058.jpg -0.431972 -0.227764 3.09131 0.828881 0.122678 0.540648 -0.0748816
i0544.jpg -4.09857 0.169169 0.0417731 0.987115 0.0215679 -0.157788 0.0155186
i0227.jpg -0.537945 -0.198101 -1.07544 -0.368306 -0.0244436 0.89894 -0.235924
i0205.jpg -0.985107 -0.0987075 -0.69594 0.586591 0.0352396 -0.785168 0.195398
i0221.jpg -1.09901 0.133654 0.12777 0.826096 0.0133492 -0.551987 0.112685
i1135.jpg -10.031 -0.0824915 0.0488453 0.793844 -0.0291707 0.582111 -0.173515
i0363.jpg 3.21143 -0.188484 -0.582922 0.988893 0.044335 -0.140849 0.0169388
i0244.jpg 0.925251 0.156328 0.643594 0.81839 0.00821426 0.550381 -0.165076
i0683.jpg -0.664842 -0.244543 -1.17346 -0.34173 -0.00450011 0.908379 -0.240931
i0793.jpg 1.57205 -0.0544565 0.421737 0.959983 0.0161106 -0.278498 0.0247561
i0148.jpg 0.253534 -0.150199 -1.17576 0.042868 0.00820122 0.973728 -0.223492
i1095.jpg -5.17877 -1.95318 -5.65486 0.971762 -0.0355668 0.21995 -0.0776938
i1077.jpg -1.62299 -0.711514 14.5225 -0.348901 0.0268213 0.898378 -0.265453
i0048.jpg -0.0343528 -0.143796 -3.05419 0.853836 0.0964545 0.505579 -0.0777806
i0279.jpg -0.605304 -0.195232 -1.00957 -0.37038 0.00697557 0.898102 -0.237028
i0248.jpg 0.964673 0.138642 0.582283 0.797737 0.00886048 0.578137 -0.171158
i0532.jpg -2.00608 -0.291348 -1.45674 0.871035 0.0173627 -0.474115 0.12732
i0991.jpg -1.82907 1.24232 3.90542 0.293954 -0.0125845 0.916637 -0.270573
i0825.jpg 1.7755 -0.232387 -0.340733 0.994589 0.013928 -0.101152 -0.0191709
i0792.jpg 1.57205 -0.0544565 0.421737 0.959983 0.0161106 -0.278498 0.0247561
i0802.jpg -3.89487 1.32453 5.7678 0.820966 0.0136694 -0.556313 0.127839
i0112.jpg -0.14424 -0.465467 -1.07097 -0.135354 0.0378169 0.917006 -0.373294
i0304.jpg -1.11324 0.00580704 -0.216494 0.709932 0.0229219 -0.680652 0.1794
i1107.jpg -9.29011 0.649258 0.527514 0.627766 0.00437085 -0.748455 0.213789
i0503.jpg -3.19371 0.000210833 -0.480097 0.964833 0.0521057 -0.251981 0.0537423
i1064.jpg 1.37035 -2.00486 -5.53447 0.978646 -0.0408748 -0.196016 0.0464548
i0916.jpg 1.09708 -0.236167 -0.652703 0.963938 0.0159745 0.254394 -0.0765016
i0077.jpg -0.797534 0.0574099 -0.614575 -0.405268 -0.0700632 0.901539 -0.134451
i0525.jpg -4.0677 0.243056 0.405738 0.993275 0.0206591 -0.113794 0.00541376
i0149.jpg -0.06921 -0.174914 -1.17225 -0.107082 0.00163645 0.967819 -0.227723
i0422.jpg -1.05674 0.0533229 -0.203066 0.786899 0.0382287 -0.603739 0.121771
i0672.jpg 1.03759 -0.0317669 -0.222132 0.522607 0.0108445 0.825871 -0.211428
i0359.jpg -1.1385 0.107176 -0.124685 0.755333 0.0385384 -0.643606 0.117294
i0667.jpg 1.05876 -0.0387869 -0.197188 0.523418 0.0194544 0.825637 -0.209711
i0110.jpg 0.410643 -0.422524 -0.810655 0.156723 -0.0276979 0.911233 -0.379902
i0662.jpg -0.450332 -0.292774 -1.02174 0.788155 0.00900503 0.595365 -0.155794
i0325.jpg -0.839457 -0.163926 -0.763641 0.503049 -0.0218254 -0.829867 0.240386
i0986.jpg -3.40518 -0.697305 -2.04655 0.882019 -0.0282014 0.446749 -0.147181
i0794.jpg 1.57478 -0.0570663 0.411271 0.960922 0.0160858 -0.275314 0.023912
i0432.jpg 0.0151769 -0.0768749 0.5081 0.560372 0.0294905 0.804949 -0.192795
i0798.jpg 0.883424 -0.464434 -1.34586 0.951872 -0.0052255 0.283992 -0.115159
i0528.jpg -1.9143 0.84476 3.39985 0.933236 0.0147465 0.344812 -0.0997857
i1193.jpg 8.07304 -0.781588 -0.744125 0.635273 -0.122828 -0.701049 0.299786
i0057.jpg -0.700557 0.0554679 -0.902729 -0.415219 -0.0490433 0.900718 -0.117879
i0046.jpg 0.163575 -0.140848 -3.04596 0.868686 0.098545 0.479793 -0.0739754
i0473.jpg -2.24859 -0.151951 -1.01588 0.932254 0.0430924 -0.353858 0.0618806
i1014.jpg -1.68636 1.33788 6.74058 0.0577136 0.00148146 0.959124 -0.277035
i0719.jpg 1.76569 -0.301542 -0.991748 0.896609 0.0127943 0.426424 -0.118705
i0977.jpg 0.896667 -0.624581 -1.80861 0.996901 -0.0309692 -0.0717792 0.0087778
i0162.jpg -0.842817 -0.0692435 -0.641765 -0.47726 -0.0327325 0.852937 -0.208924
i0317.jpg -0.373946 -0.0505465 0.00353999 0.874094 -0.0116032 0.465559 -0.138129
i0900.jpg 4.06537 0.627538 3.53566 0.995727 0.0166621 0.0824342 -0.0381307
i0214.jpg 0.647325 -0.158703 0.291843 0.217253 0.0162204 0.948082 -0.231685
i0869.jpg 0.535131 0.145953 1.45565 0.796584 0.0265056 -0.593596 0.111333
i1139.jpg -3.93689 2.67909 7.78502 0.330195 -0.00521568 0.90509 -0.267873
i0668.jpg 1.05938 -0.0396912 -0.193343 0.52484 0.0202711 0.824689 -0.209809
i1110.jpg 5.28508 -2.16869 -5.26615 0.878741 -0.0463124 -0.461824 0.1113
i0436.jpg -0.0535978 -0.103705 -1.16796 -0.105783 -0.00470828 0.973432 -0.203021
i1129.jpg -3.80996 -2.92813 -8.6049 0.997694 -0.0394387 0.0500008 -0.0234754
i1130.jpg -3.81013 -2.92798 -8.60484 0.997694 -0.0394329 0.0500055 -0.0234748
i0943.jpg 0.190518 -0.41457 -1.55845 0.915766 0.00610013 0.386607 -0.108949
i0267.jpg -0.969628 -0.0359166 -0.530685 0.59125 0.013749 -0.781264 0.199651
i0808.jpg 6.64112 0.0670899 1.56642 0.936149 0.0153529 0.335029 -0.105568
i1109.jpg 0.0970337 1.11874 -10.3801 0.807179 -0.0184625 -0.574258 0.135455
i0780.jpg 0.638241 0.131604 2.24098 0.737066 0.0119776 -0.666638 0.110378
i0150.jpg -0.370825 -0.169239 -1.10127 -0.250469 -0.00313419 0.942108 -0.222908
i0506.jpg -1.73332 0.261831 1.66065 0.980164 0.0540127 0.186267 -0.0408117
i0075.jpg -0.793816 0.0573756 -0.619418 -0.402506 -0.0697878 0.902771 -0.134618
i0696.jpg -0.131758 0.0635258 1.819 0.84902 0.0217639 -0.519564 0.0935139
i0523.jpg -3.57519 -0.232451 -2.10708 0.90674 0.0327974 -0.413991 0.0731965
i0403.jpg 0.00768911 -0.109738 -1.18023 -0.0520836 -0.00613191 0.977194 -0.205772
i0337.jpg -0.8077 0.18788 3.06514 0.865169 0.064499 0.48709 -0.100327
i0756.jpg 0.814915 0.204231 2.81501 0.960595 0.0302319 -0.275011 0.0266968
i0398.jpg 1.05233 0.0247591 0.391925 0.730991 0.0437301 0.659908 -0.16811
i0773.jpg 0.613193 1.16307 5.26783 0.955169 0.0144045 -0.290429 0.0556465
i0618.jpg -0.9519 -0.0607733 -0.764416 0.572343 0.0200987 -0.799808 0.179795
i0017.jpg -0.191936 0.0660227 -1.1925 -0.156894 -0.0331252 0.980279 -0.115502
i0212.jpg 1.01995 -0.0700753 -0.200162 0.496906 0.0179165 0.840454 -0.215408
i0175.jpg -1.13322 0.0485979 -0.0421939 0.761992 0.046132 -0.629078 0.146634
i0993.jpg -1.13057 0.793003 4.83788 -0.030763 0.00722349 0.960025 -0.278126
i1078.jpg -3.36216 -0.147027 -12.4343 0.544627 -0.00978814 -0.80472 0.236032
i1154.jpg -9.99088 -0.358291 -0.820825 0.82086 -0.0294413 0.546768 -0.16238
i0685.jpg -1.20496 -0.0564341 -0.548405 0.629275 0.0127028 -0.754184 0.187239
i0419.jpg -0.884851 -0.0422479 -0.730082 0.544928 0.0256282 -0.820601 0.170323
i1167.jpg -2.1358 5.288 7.20473 0.234478 -0.0105144 0.883327 -0.405761
i0895.jpg 3.53658 0.838829 4.3789 0.999726 0.0166431 0.00109585 -0.0164471
i0384.jpg -0.0389798 -0.111496 -1.193 -0.0782378 -0.0060898 0.975515 -0.205454
i0335.jpg -0.803684 0.219862 3.06597 0.865622 0.0598734 0.486328 -0.102948
i0417.jpg -0.88488 -0.0421028 -0.73001 0.544943 0.02563 -0.820598 0.170292
i0306.jpg -0.999063 0.20548 0.503014 0.904041 0.0209536 -0.416197 0.0951321
i1180.jpg -8.55437 -2.98288 -4.03325 0.911306 -0.174671 0.335884 -0.161843
i0074.jpg -0.793815 0.057375 -0.61942 -0.402506 -0.0697877 0.902772 -0.134618
i0940.jpg 1.08629 0.0110169 0.0168616 0.619951 0.0136356 0.758367 -0.200883
i0258.jpg -0.367375 -0.0159056 0.119721 0.759121 0.018805 0.627679 -0.171467
i1003.jpg 1.44091 -1.14889 -3.21356 0.981122 -0.037595 -0.184435 0.0443756
i0680.jpg 1.30743 -0.115803 1.08532 0.992611 0.0116141 -0.118847 -0.0215561
i0344.jpg 3.05514 -0.228123 -0.878801 0.995752 0.0452808 -0.0798524 0.00715575
i1024.jpg 2.23062 -1.17042 -3.18085 0.951736 -0.0424143 -0.294726 0.0744027
i0341.jpg 2.42755 0.265927 2.1733 0.82366 0.0342787 -0.556239 0.104915
i0898.jpg 3.47241 0.810924 4.20494 0.999725 0.0169395 0.00294298 -0.0159284
i0054.jpg 0.186143 -0.0581469 -1.42483 0.0304097 -0.00348165 0.986339 -0.161862
i1100.jpg -6.12527 1.56063 4.49974 0.510229 -0.0201059 0.823048 -0.248707
i0369.jpg 1.07038 0.0678033 0.186962 0.679905 0.030943 0.715679 -0.156766
i0560.jpg 0.371238 -0.273935 -1.51658 0.917371 0.0474822 0.385689 -0.0861417
i0387.jpg -0.848045 -0.0430023 -0.771409 0.510767 0.0220927 -0.841838 0.173024
i0861.jpg -3.09663 2.09831 8.71169 0.900365 0.00848503 -0.424685 0.0944127
i0225.jpg 0.151806 -0.20551 -1.1903 -0.076016 -0.0116035 0.965049 -0.250535
i0823.jpg 1.63044 -0.113861 0.0873139 0.957646 0.0148004 -0.285734 0.0324333
i0216.jpg -0.241273 -0.209425 -1.16625 -0.16862 -0.00541407 0.956747 -0.237008
i0309.jpg -0.225908 -0.121451 -0.284554 0.99869 0.0135146 0.0473802 -0.0137809
i0806.jpg 4.30879 1.10628 5.50529 0.999644 0.018725 0.0064198 -0.0179054
i1097.jpg -7.98624 -0.518934 -1.3578 0.83601 -0.0324327 0.521611 -0.167203
i0608.jpg -1.0245 1.60927 7.28039 0.863536 0.0197227 0.488046 -0.125411
i0498.jpg -0.652097 0.360701 2.09435 0.877948 0.0375721 0.464286 -0.110612
i0617.jpg -0.667894 -0.124471 -1.01498 -0.433127 -0.0178991 0.877867 -0.203543
i0297.jpg 0.076125 0.0311934 -0.0762211 0.373533 0.0287263 0.89733 -0.233338
i0679.jpg 0.903493 -0.0223765 1.44681 0.96491 0.0155014 -0.261507 0.0179618
i0573.jpg -5.98262 -0.0456707 -0.351161 0.977152 0.00958813 -0.20768 0.0441753
i1035.jpg 0.00778559 -1.52604 -4.41227 0.9985 -0.0362179 -0.0410476 0.00059863
i1187.jpg -0.0747315 5.33143 7.48375 0.128088 0.0139386 0.902028 -0.412002
i0045.jpg 0.166846 -0.0568233 -3.04593 0.867559 0.109114 0.480604 -0.0667542
i0616.jpg 3.67895 -1.77571 -5.42514 -0.305437 0.012851 0.916695 -0.257318
i0928.jpg 1.62143 0.0304219 0.488527 0.956714 0.00592761 -0.285718 0.055033
i0966.jpg 1.07474 -0.261854 -1.01273 0.997157 0.014859 -0.0733074 0.00910819
i0886.jpg -0.00928037 1.84246 8.10104 0.954875 0.0141956 -0.29024 0.0614268
i0253.jpg 0.12644 -0.220878 -1.07433 0.0226155 -0.00364524 0.966569 -0.255382
i0108.jpg 1.0073 -0.215265 -0.229899 0.504928 -0.0558899 0.782468 -0.360094
i0761.jpg 1.47739 -0.0918999 0.398176 0.948337 0.00995256 -0.315592 0.0309715
i0527.jpg -2.95095 0.704509 2.66024 0.978222 0.0159018 0.196107 -0.0661111
i0766.jpg 1.59614 -0.329108 -0.85578 0.990298 0.00146635 0.106322 -0.0894594
i0829.jpg -8.41868 0.391641 1.36329 0.541331 0.00775188 -0.818147 0.193742
i0243.jpg 0.925235 0.156339 0.643614 0.818392 0.00821167 0.550379 -0.165077
i0179.jpg -0.249404 0.30437 1.06834 0.999235 0.0337323 -0.0143469 -0.013599
i0963.jpg 1.07485 -0.261675 -1.01262 0.997156 0.0148664 -0.0733207 0.00911222
i0178.jpg -0.610612 0.271377 0.922451 0.981959 0.0384892 -0.183477 0.0247084
i0502.jpg -3.16559 -0.120228 -1.46468 0.915763 0.0499808 -0.389737 0.0835769
i0812.jpg 1.11961 0.112697 1.16863 0.844011 0.018641 -0.529567 0.0828107
i0903.jpg 3.02189 0.340632 1.97168 0.995426 0.014367 0.0870093 -0.0367346
i0052.jpg 0.898673 0.0606761 -0.413131 0.39276 0.0408242 0.910527 -0.12253
i1172.jpg 7.8405 0.292271 0.505193 0.55877 -0.101643 -0.754455 0.329003
i0353.jpg 0.593158 -0.0826892 1.70739 0.178533 0.0182691 0.963583 -0.198241
i0843.jpg 1.3872 -0.0274162 0.503005 0.918464 0.0161551 -0.390416 0.0611433
i1021.jpg 3.00939 -0.768088 -1.89177 0.883112 -0.0399141 -0.453844 0.112005
i0599.jpg -0.984585 -0.0508959 -0.722919 0.590481 0.0204531 -0.787321 0.176182
i0814.jpg 1.56582 -0.0488479 0.444751 0.957875 0.0161999 -0.285494 0.0265705
i0163.jpg -0.839616 -0.072662 -0.657516 -0.477268 -0.0322668 0.852912 -0.209083
i0878.jpg -8.46344 1.15767 4.32611 0.678844 0.00509178 -0.715347 0.1656
i1028.jpg 2.33592 -1.42253 -3.79231 0.95359 -0.0422514 -0.289285 0.0720747
i0434.jpg 0.227478 -0.158433 0.427375 0.315662 0.0211599 0.921167 -0.226631
i0958.jpg 0.672351 -0.319339 -1.22446 0.998284 0.0159753 0.0519244 -0.0218357
i1072.jpg -4.43821 1.43072 3.9637 0.435644 -0.0127212 0.861988 -0.2589
i0967.jpg 1.0474 -0.287111 -1.13792 0.997208 0.0145154 -0.0726732 0.0091516
i0533.jpg -2.14165 -0.200379 -0.797516 0.937554 0.0201127 -0.334224 0.0942465
i1029.jpg 2.33592 -1.42254 -3.79231 0.95359 -0.0422528 -0.289283 0.0720783
i0828.jpg -8.49596 -0.195655 -1.05885 -0.411995 -0.00795262 0.886156 -0.211956
i0106.jpg 1.01696 0.173474 0.425871 0.759267 -0.0899515 0.581962 -0.277025
i0449.jpg -0.356584 0.0410962 0.467296 0.832929 0.0405395 0.538019 -0.122964
i0460.jpg -0.78759 -0.0603594 -0.843012 -0.480071 -0.022543 0.858536 -0.178716
i1008.jpg -3.85058 -0.478715 -1.52831 0.832426 -0.0262706 0.527929 -0.166336
i0113.jpg -0.468535 -0.420932 -0.984119 -0.294867 0.0622247 0.883183 -0.359402
i1121.jpg -6.35522 -1.55958 -4.57865 0.942074 -0.0329776 0.317149 -0.104044
i0402.jpg 0.292248 -0.117194 -0.861087 0.0919529 -0.0043614 0.973047 -0.211434
i0891.jpg 1.21677 1.503 6.80786 0.973409 0.0159645 -0.22439 0.0432392
i0389.jpg -1.09121 0.0875556 -0.232286 0.752623 0.0291289 -0.646279 0.122613
i0582.jpg 5.02902 0.370659 2.01152 0.359064 0.00988151 0.902616 -0.237192
i1034.jpg 0.22608 -1.53092 -4.40501 0.997273 -0.0366547 -0.0636513 0.00715991
i0305.jpg -1.12067 0.107066 0.150948 0.818308 0.0235108 -0.55715 0.139296
i0566.jpg -0.627326 -0.0888642 -0.891369 -0.381215 -0.00396375 0.901099 -0.206594
i1046.jpg 0.470743 0.884402 3.41187 -0.137722 0.0137932 0.952384 -0.271675
i0722.jpg 0.247353 -0.0344933 1.13046 0.821645 0.00849624 -0.560487 0.103353
i0059.jpg -1.02695 0.13852 -0.418758 0.682959 0.0720192 -0.722929 0.0758473
i0210.jpg -1.09557 -0.0458237 -0.505421 0.66048 0.0354682 -0.729093 0.175873
i1098.jpg -8.20273 0.319781 1.06815 0.732032 -0.0273981 0.651245 -0.198138
i0752.jpg 0.963612 0.463641 4.15003 0.842669 0.037704 -0.530468 0.0842126
i1118.jpg -6.80937 -1.36472 -3.97764 0.924643 -0.0328266 0.360599 -0.118011
i0772.jpg -1.21073 0.965983 4.87889 0.89747 0.018173 -0.435085 0.0701274
i0932.jpg -0.983767 -0.0151099 -0.550054 0.619591 0.00514771 -0.765084 0.175292
i1184.jpg -7.38556 3.66226 5.10285 0.521515 -0.0760745 0.773012 -0.353111
i0885.jpg 0.00313912 1.85333 8.19004 0.955402 0.0146447 -0.28875 0.0601395
i0641.jpg -0.472779 0.89343 3.8106 0.851025 0.0131592 0.507461 -0.134411
i1052.jpg 3.30135 -1.23634 -3.0668 0.906022 -0.0436881 -0.408328 0.102387
i1137.jpg -8.36895 1.50579 5.02572 0.58584 -0.0284695 0.776012 -0.231917
i0937.jpg 0.344319 -0.19493 -0.823156 0.113663 -0.00619295 0.962502 -0.246235
i0011.jpg 1.04473 -0.0166712 0.542484 0.741151 0.115963 0.655126 -0.0897678
i0721.jpg -0.264377 -0.0100265 1.24743 0.724817 0.0118631 -0.676032 0.132211
i0867.jpg -0.596017 0.169817 1.45859 0.543897 0.026319 -0.819878 0.176871
i1000.jpg 2.73517 -0.928815 -2.31936 0.917395 -0.0430517 -0.382864 0.0997444
i0604.jpg -1.75865 1.04307 1.57963 0.995843 0.0216547 -0.0867631 -0.0172908
i0365.jpg 2.06264 -0.497991 -2.24153 0.981157 0.0439695 0.180726 -0.0523053
i0151.jpg -0.689992 -0.134403 -0.921428 -0.414022 -0.00913647 0.885876 -0.209105
i0093.jpg 4.67577 -0.161033 -0.088134 0.971354 0.107581 -0.211265 0.0162751
i0933.jpg -0.790437 -0.0926497 -0.832192 -0.474387 -0.00379704 0.85689 -0.2017
i0852.jpg 1.33131 0.138726 1.37543 0.948252 0.0354215 -0.313502 0.0357825
i0514.jpg -0.097525 0.0244293 0.425971 0.873878 0.0656709 0.472324 -0.0945236
i0404.jpg -0.244985 -0.110957 -1.16973 -0.185511 -0.00880568 0.961523 -0.202438
i0489.jpg 0.858651 0.252467 1.00668 0.793028 0.051847 0.592814 -0.130343
i0469.jpg 0.197921 0.277615 1.64701 0.860525 0.052937 0.494932 -0.108332
i0559.jpg -0.487676 0.144284 0.661011 0.925452 0.0391654 0.367117 -0.0850317
i0491.jpg -0.882131 -0.260522 -1.1918 0.828192 0.0272882 -0.54721 0.117961
i0177.jpg -0.902737 0.205722 0.661453 0.934089 0.0456571 -0.347706 0.0670278
i1185.jpg -5.44905 4.56556 6.14906 0.408871 -0.0527028 0.8271 -0.382038
i0194.jpg -0.861757 -0.103803 -0.742382 0.50647 0.0341663 -0.835867 0.208918
i0881.jpg -1.65427 2.15368 9.06145 0.93143 0.00961069 -0.35536 0.0778822
i0375.jpg 0.687114 -0.0729891 -0.337274 0.245969 0.0174568 0.948852 -0.197164
i0737.jpg 2.0605 -0.123843 -1.73372 0.993944 0.0177692 0.073372 -0.0798486
i0649.jpg 0.0639716 0.87574 3.81977 0.814761 0.0126002 0.56123 -0.145004
i0009.jpg 1.0259 -0.0303735 0.624254 0.759207 0.121402 0.633143 -0.0894179
i0578.jpg -0.517139 1.29372 5.56585 0.849434 0.0145905 0.510106 -0.134315
i0220.jpg -0.345672 -0.00664543 0.17349 0.704756 0.0341298 0.686423 -0.176005
i0114.jpg -0.729093 -0.329396 -0.822121 -0.431858 0.0806478 0.832762 -0.3369
i0347.jpg 0.642316 -0.614846 -2.91791 0.906505 0.0392319 0.40792 -0.101541
i0892.jpg 3.53913 1.25307 5.99972 0.998233 0.0181674 -0.0565836 -0.000286904
i0540.jpg -1.09122 0.0845065 -0.413337 0.698418 0.0153892 -0.69978 0.149277
i1094.jpg -2.72493 -2.41853 -6.95449 0.997532 -0.0383621 0.0524918 -0.026497
i0914.jpg 1.38548 -0.113294 -0.133332 0.993923 0.0169298 0.102124 -0.0374241
i0775.jpg 3.70865 0.744295 3.96238 0.999042 0.0169249 0.0322517 -0.0242559
i0671.jpg 1.03882 -0.0324433 -0.216501 0.524626 0.0113155 0.824452 -0.211942
i0821.jpg 1.63031 -0.113634 0.0879679 0.957593 0.0148176 -0.285902 0.0324904
i0411.jpg -0.662724 -0.29377 -1.28927 -0.499883 0.00244369 0.838515 -0.216804
i1189.jpg 4.4522 3.44084 7.2031 -0.174493 0.0548963 0.896953 -0.402509
i0174.jpg -1.05588 -0.0318895 -0.410141 0.641395 0.041436 -0.744364 0.18116
i0444.jpg -0.740428 0.0617875 0.247447 0.974957 0.0472328 -0.212244 0.0466879
i0653.jpg -0.126786 0.45627 2.07997 0.814481 0.00993281 0.560829 -0.148303
i1033.jpg 0.226009 -1.53097 -4.40499 0.997274 -0.0366585 -0.0636397 0.00717862
i0810.jpg 5.59486 -0.981458 -3.43589 0.747778 0.00458293 0.640178 -0.176011
i0448.jpg -0.498097 0.0865079 0.823906 0.909648 0.0480147 0.40166 -0.0943676
i0809.jpg 6.61092 -0.47937 -0.875277 0.859628 0.0115418 0.490372 -0.142976
i0223.jpg 0.829591 -0.124338 -0.915705 0.240479 0.00474981 0.940344 -0.240624
i0750.jpg 2.57603 -0.752157 -1.92917 0.759143 0.00215378 0.624497 -0.18358
i0471.jpg -1.29691 -0.119255 -1.19118 0.662658 0.0504585 0.730195 -0.158599
i0508.jpg 0.0148913 0.282478 1.73376 0.87681 0.05318 0.466866 -0.102043
i0625.jpg -5.99878 1.07413 4.7839 0.987852 0.0144635 0.149609 -0.0394497
i0633.jpg -1.31263 1.28551 5.45612 0.883445 0.013962 0.452552 -0.120528
i0912.jpg 1.40183 -0.0998582 -0.0837752 0.995412 0.0169542 0.0879598 -0.0336157
i0410.jpg -0.665397 -0.287543 -1.28015 0.500473 -0.00187018 -0.838444 0.215722
i0291.jpg -0.359686 -0.0773921 -0.0923226 0.930441 0.0115261 0.354738 -0.0911425
i0286.jpg -0.6594 -0.190364 -0.911224 -0.391532 -0.00491767 0.890234 -0.232727
i0863.jpg 3.07452 1.96653 8.69393 0.992478 0.0134543 -0.120188 0.0190271
i1060.jpg 1.96477 -1.97087 -5.3647 0.966903 -0.0416477 -0.244631 0.0593328
i1049.jpg 4.55435 0.00269753 0.826124 0.615461 -0.0338105 -0.760084 0.20576
i0301.jpg -0.415748 -0.220046 -1.02851 -0.282976 -0.00611875 0.922921 -0.260968
i0007.jpg 1.02586 -0.0297142 0.622415 0.759086 0.121309 0.633326 -0.0892831
i0293.jpg -0.373356 -0.04857 0.0214326 0.860044 0.0140025 0.493976 -0.126949
i0288.jpg -0.359684 -0.0773919 -0.0923294 0.930444 0.0115315 0.354732 -0.0911377
i0019.jpg -0.753325 0.0829706 -0.874526 -0.444101 -0.07229 0.887894 -0.0958821
i0710.jpg 0.15163 -0.510746 -0.984762 0.849572 -0.00664594 0.504692 -0.153194
i0239.jpg -0.859186 -0.0805799 -0.685302 0.505362 0.0271339 -0.836944 0.208322
i0597.jpg -0.841503 -0.090431 -0.880055 0.514913 0.0192868 -0.835561 0.190605
i0743.jpg -0.614287 0.839763 3.69492 0.891441 0.00903435 -0.44286 0.0955355
i1111.jpg 2.96234 -2.52149 -6.72568 0.949517 -0.0450136 -0.301748 0.0730697
i0302.jpg -0.744434 -0.16367 -0.83582 -0.441479 -0.014217 0.864356 -0.240379
i0658.jpg -0.278493 0.0323785 0.454944 0.809667 0.0150363 0.567502 -0.148845
i0702.jpg 0.599856 -0.0756384 0.95262 0.882683 0.00634597 -0.463113 0.079732
i1101.jpg -4.29432 1.94789 5.88284 0.373027 -0.0192661 0.889199 -0.264207
i1171.jpg 6.94131 1.76224 3.63774 -0.420953 0.081121 0.818562 -0.382327
i0765.jpg 1.72599 -0.250717 -0.442798 0.998053 0.00620379 -0.037974 -0.0490937
i0079.jpg -0.988778 0.0534175 -0.194305 0.602413 0.0991172 -0.783474 0.11594
i0186.jpg -0.299672 0.0205665 0.271026 0.424802 0.0279379 0.88253 -0.199757
i0321.jpg -0.838405 -0.16607 -0.764327 0.502432 -0.0221789 -0.829941 0.24139
i0836.jpg 6.22327 1.00801 5.56053 0.992866 0.0162584 0.106881 -0.0502965
i0428.jpg -0.519017 0.0872271 0.919629 0.941734 0.0497913 0.323489 -0.0775395
i0117.jpg -1.06469 0.201701 -0.0524283 0.808918 -0.130346 -0.538413 0.19691
i0201.jpg -0.829998 -0.140522 -0.872206 0.501725 0.0387734 -0.838231 0.210089
i0055.jpg -0.162086 0.0114121 -1.18274 -0.138484 -0.0216454 0.980118 -0.140437
i0307.jpg -0.75776 0.29345 0.797403 0.964149 0.0137286 -0.260436 0.0490002
i0978.jpg 0.854971 -0.694382 -2.00392 0.996954 -0.0317141 -0.0706887 0.00889637
i0005.jpg 1.02586 -0.0297178 0.622117 0.759053 0.121288 0.633366 -0.0893004
i1104.jpg -4.67683 -1.28616 9.93401 -0.119934 0.00327332 0.950859 -0.285435
i0781.jpg 1.34595 0.0411426 1.90561 0.841263 0.0101776 -0.534913 0.0777202
i0796.jpg 1.56962 -0.249515 -0.350533 0.99825 0.0089813 -0.0446065 -0.0377746
i1163.jpg -9.49438 1.69615 2.47481 0.679806 -0.115723 0.658095 -0.302296
i0182.jpg -0.368674 -0.0669189 -0.0550524 0.90724 0.034722 0.40915 -0.0911366
i0338.jpg -0.677423 0.184376 3.08263 0.854116 0.0638197 0.505272 -0.105413
i0927.jpg 1.60757 -0.0311724 0.140769 0.981787 0.00817076 -0.187054 0.0322373
i1132.jpg -5.22794 -2.69545 -7.94681 0.99002 -0.0381447 0.127895 -0.0452597
i1150.jpg -1.62412 -3.16923 -9.15993 0.997184 -0.0420654 -0.0618204 0.00578045
i1186.jpg -2.88562 5.18712 7.05557 0.272626 -0.02055 0.873979 -0.401762
i0121.jpg 4.07262 -1.47114 -1.63271 0.987627 -0.152334 0.0028135 -0.0371378
i0329.jpg 0.0949665 -0.884392 -2.46711 0.878781 -0.0216525 0.455779 -0.139791
i0853.jpg 1.43686 0.0357673 1.08258 0.985015 0.0325577 -0.16936 -0.00176511
i0092.jpg 4.48904 -0.14158 1.44934 0.92185 0.104192 -0.371491 0.0364814
i0731.jpg 0.818394 0.216064 2.78449 0.959945 0.0288732 -0.277412 0.0267491
i0678.jpg 0.406877 0.0399726 1.72382 0.916156 0.0187519 -0.396154 0.0580327
i0805.jpg 2.46367 1.39134 6.48664 0.990126 0.0171193 -0.137699 0.0199269
i0815.jpg 1.56986 -0.0530121 0.424377 0.957804 0.016009 -0.285733 0.0266838
i1063.jpg 1.95279 -1.97178 -5.36876 0.967168 -0.0416361 -0.243644 0.0590735
i0356.jpg -2.56761 0.507759 4.31966 0.925936 0.0832667 0.36372 -0.0584587
i0606.jpg -5.3409 1.2791 5.39791 0.976619 0.0220705 0.204824 -0.0614413
i0760.jpg 1.47614 -0.0927573 0.397191 0.94836 0.00989536 -0.315523 0.0309898
i1092.jpg 2.45241 -2.55961 -6.91381 0.95987 -0.044436 -0.269198 0.0648591
i0974.jpg 0.899593 -0.465294 -1.88269 0.997343 0.0137982 -0.071269 0.0061563
i0094.jpg 4.3367 -0.235633 -1.65422 0.993044 0.107789 -0.0463316 -0.00990057
i0771.jpg -3.56423 1.09387 4.79767 0.810552 0.0111123 -0.572288 0.123974
i0889.jpg 0.271028 1.54666 6.90166 0.955912 0.0151637 -0.287122 0.0596997
i0412.jpg -0.662696 -0.293789 -1.28927 -0.499879 0.00244398 0.838516 -0.216808
i1030.jpg 2.33593 -1.42253 -3.7923 0.95359 -0.0422509 -0.289286 0.0720747
i0454.jpg 0.527738 -0.066251 -1.06056 0.181823 0.00818161 0.9631 -0.198273
i0176.jpg -1.08177 0.129169 0.323854 0.859157 0.0477338 -0.49777 0.108606
i0715.jpg 1.33546 0.431638 2.10054 0.970718 0.01502 -0.2353 0.0459914
i0894.jpg 4.15824 1.14167 5.61239 0.999711 0.0187611 -0.00620033 -0.0136808
i0381.jpg 0.0322042 -0.108397 -1.18275 -0.0400209 -0.00564226 0.977793 -0.205637
i0595.jpg -0.841419 -0.0903911 -0.880191 0.514881 0.0192719 -0.835582 0.190602
i0837.jpg 7.70884 0.387561 3.10675 0.956818 0.0165847 0.275122 -0.0923709
i0552.jpg -2.07059 -0.264829 -1.25411 0.894456 0.0181127 -0.431127 0.11726
i0948.jpg 1.57116 -0.0657218 0.0166232 0.990565 0.00911482 -0.135252 0.0201268
i0571.jpg -0.978372 -0.117917 29.0157 0.822499 0.00520386 -0.556983 0.115062
i0373.jpg 0.834068 -0.0472082 -0.437568 0.344308 0.0197208 0.918907 -0.191501
i0278.jpg -0.463337 -0.213437 -1.10011 -0.297266 0.00767011 0.923186 -0.243521
i0682.jpg -0.322663 -0.27851 -1.31283 -0.195225 -0.000995948 0.947839 -0.251968
i0102.jpg -0.810996 -0.21013 -0.534062 -0.427872 0.0385027 0.835493 -0.342629
i0339.jpg 0.251738 0.179782 3.22588 0.759971 0.0665009 0.631347 -0.139363
i0485.jpg -2.52115 0.19837 1.05462 0.998338 0.0539875 0.0194895 -0.00522637
i0965.jpg 1.07472 -0.261826 -1.01278 0.997157 0.0148576 -0.0733076 0.00911411
i0971.jpg 0.899856 -0.465374 -1.88262 0.997342 0.0137881 -0.0712808 0.00616767
i0036.jpg -0.0603103 0.0181178 -1.69893 0.866954 0.117198 0.480719 -0.0596995
i0016.jpg -0.087692 0.165205 -0.699186 -0.0617272 -0.0109905 0.99399 -0.0897327
i0600.jpg -2.93568 -1.437 -6.26146 0.72197 0.0148446 -0.670611 0.169762
i1096.jpg -6.94447 -1.28948 -3.76584 0.918298 -0.0324218 0.375129 -0.122292
i0575.jpg -5.06167 0.783155 2.94783 0.995722 0.014493 0.0846386 -0.0341269
i0880.jpg -4.64863 1.97397 8.05109 0.85833 0.00723244 -0.500463 0.112933
i0857.jpg -9.60602 0.121288 -0.336359 -0.468342 -0.00247401 0.860431 -0.200767
i0250.jpg 1.06576 -0.0787763 -0.0240981 0.568853 0.0153404 0.788712 -0.232604
i0598.jpg -0.848019 -0.0889799 -0.874526 0.518008 0.0193695 -0.833756 0.190115
i0407.jpg -0.896381 -0.0316268 -0.705005 0.545318 0.0234919 -0.820843 0.168205
i0003.jpg 1.02604 -0.030376 0.624454 0.759223 0.121376 0.633126 -0.0894416
i0893.jpg 4.1687 1.14408 5.60451 0.99972 0.018477 -0.00529867 -0.0137805
i1050.jpg 4.59349 -0.515006 -0.496861 0.724241 -0.0410881 -0.668121 0.165531
i0961.jpg 0.206584 -0.380735 -1.39555 0.983067 0.0153045 0.174333 -0.0543337
i0567.jpg -0.634923 -0.0876828 -0.886192 -0.385277 -0.00403204 0.899462 -0.206187
i0614.jpg 6.61757 -0.664424 -1.95119 0.0375529 0.012416 0.967393 -0.250173
i0289.jpg -0.359684 -0.0774058 -0.0923224 0.930443 0.0115074 0.354734 -0.0911378
i0116.jpg -1.05634 0.00992294 -0.348812 0.702865 -0.116465 -0.655301 0.250993
i0887.jpg 0.191888 1.58199 6.89531 0.954237 0.0108364 -0.293533 0.0561485
i1036.jpg -1.41784 -1.36835 -4.17895 0.992712 -0.0298299 0.106661 -0.0474933
i0557.jpg -0.808736 0.126157 0.724103 0.955678 0.0368918 0.285231 -0.0629377
i0006.jpg 1.02565 -0.0301967 0.622097 0.759009 0.121339 0.633392 -0.0894235
i0247.jpg -0.969887 -0.0357996 -0.53032 0.591389 0.0137605 -0.781168 0.199616
i0440.jpg -1.02085 0.00395553 -0.477343 0.666179 0.031577 -0.729994 0.149391
i0066.jpg 1.2013 -0.137473 -2.79987 0.935258 0.107416 0.332898 -0.0541587
i1157.jpg -9.62267 0.799789 2.6808 0.698553 -0.0295631 0.684161 -0.207542
i1054.jpg 1.96166 -1.46936 -3.98258 0.966204 -0.0416313 -0.247012 0.0608389
i0296.jpg 2.51121 0.210195 2.08235 0.834354 0.0398316 -0.541329 0.0960671
i0648.jpg 0.0642778 0.875751 3.82197 0.814762 0.0125962 0.561254 -0.144908
i0128.jpg -0.870107 -0.0813661 -0.48704 -0.47561 -0.00532066 0.842345 -0.253422
i0200.jpg -0.830002 -0.140599 -0.872201 0.501725 0.0387857 -0.838225 0.210113
i0620.jpg -3.43235 -0.652005 -3.78291 0.816237 0.0228236 -0.562104 0.131432
i0676.jpg 0.150394 0.0560805 1.79095 0.886252 0.0202629 -0.456628 0.0750762
i0390.jpg 0.95098 0.145448 1.17918 0.823829 0.0280014 -0.556347 0.104876
i0526.jpg -3.69612 0.494439 1.62516 0.998511 0.0176337 0.0416062 -0.0305651
i0581.jpg 4.10779 0.762218 3.63232 0.514418 0.0126547 0.829224 -0.218177
i0490.jpg -0.67613 0.101341 -1.5798 0.664677 0.0426876 0.729175 -0.15712
i0778.jpg 4.83304 -0.504269 -1.19764 0.846651 0.00855887 0.511495 -0.146569
i0558.jpg -0.487666 0.144285 0.660965 0.925452 0.039165 0.367116 -0.0850326
i0522.jpg -2.76962 -0.601141 -3.01683 0.8299 0.0149767 -0.544801 0.119305
i0748.jpg 3.44974 -0.146737 0.0150271 0.927956 0.0121335 0.357125 -0.105891
i0534.jpg -2.07065 -0.100331 -0.183768 0.980578 0.0236148 -0.185862 0.0579973
i0813.jpg 1.46836 0.0192439 0.69954 0.929693 0.0167607 -0.364668 0.0490641
i1165.jpg -7.06847 3.83456 5.36785 0.50098 -0.072272 0.784703 -0.357822
i0917.jpg 1.09929 -0.234054 -0.65165 0.964181 0.0160682 0.253574 -0.0761373
i1177.jpg 0.143575 -5.83209 -7.32537 0.967138 -0.20315 -0.143786 0.0519556
i0586.jpg -0.477259 -0.11052 -0.976932 -0.303858 -0.00305273 0.928324 -0.214185
i0844.jpg 1.41101 -0.039308 0.535332 0.918374 0.0158049 -0.390498 0.0620529
i0018.jpg -0.51397 0.0878861 -1.05332 -0.312161 -0.0533674 0.942882 -0.103346
i0726.jpg 1.21847 -0.413843 -0.383179 0.952999 -0.00846149 -0.299795 0.0429499
i0890.jpg 0.306255 1.53627 6.90239 0.956621 0.0155055 -0.28509 0.0579542
i1082.jpg 3.36668 -1.80231 -4.6808 0.925626 -0.0428339 -0.364835 0.0909843
i0256.jpg -0.661981 -0.184246 -0.964037 -0.400583 0.00662746 0.886007 -0.23341
i0424.jpg -0.872837 0.0461918 0.0552172 0.943119 0.0448666 -0.32185 0.0701847
i1120.jpg -6.80182 -1.36884 -3.98867 0.924976 -0.0328493 0.359822 -0.11776
i0745.jpg 1.87339 0.686133 3.23612 0.988707 0.0132982 -0.147303 0.0241706
i0615.jpg 5.49975 -1.20808 -3.97109 -0.133605 0.0109383 0.958039 -0.253362
i0482.jpg -3.10394 -0.146416 -1.74916 0.897722 0.0496005 -0.428105 0.0914356
i0716.jpg 1.90696 0.304645 1.62871 0.997064 0.0179265 -0.074157 0.0065957
i1070.jpg -6.39039 0.43664 0.895213 0.686969 -0.0225674 0.694181 -0.213722
i0841.jpg 0.677614 0.140833 1.42177 0.837893 0.0243013 -0.53666 0.0966464
i0884.jpg -0.160404 2.12143 9.30258 0.957255 0.0135419 -0.282735 0.0595097
i0747.jpg 3.30269 0.178182 1.30962 0.981007 0.0143521 0.183489 -0.0612448
i0956.jpg 1.20808 -0.236656 -0.896298 0.991883 0.014015 -0.124494 0.0217336
i0639.jpg -1.00238 0.891131 3.72603 0.883682 0.0136263 0.451513 -0.122706
i0654.jpg -0.125495 0.449406 2.0759 0.814661 0.0104407 0.560513 -0.148471
i0999.jpg 3.17224 -0.647203 -1.46684 0.852896 -0.0386448 -0.505151 0.126088
i1037.jpg -2.72175 -1.29088 -3.54491 0.963442 -0.0349136 0.247118 -0.0974299
i0447.jpg -0.555384 0.100332 0.931725 0.965282 0.0515326 0.248989 -0.0598285
i0408.jpg -0.891943 -0.0395626 -0.725095 0.544264 0.0228755 -0.821249 0.169713
i0704.jpg 0.750113 -0.0982567 0.841132 0.907625 0.00567016 -0.414319 0.0672645
i0767.jpg 1.29249 -0.477225 -0.948306 0.957784 -0.00688174 0.257492 -0.12767
i0854.jpg 1.79918 0.0138391 0.721916 0.997218 0.0361256 -0.0528763 -0.0381555
i0768.jpg -4.6951 0.493595 5.73813 0.775445 0.0635868 -0.612991 0.137417
i0907.jpg 2.17451 0.104658 0.894658 0.995444 0.0181392 0.0865585 -0.0356379
i0824.jpg 1.62709 -0.141069 -0.0243217 0.967291 0.0146912 -0.252139 0.0236427
i0285.jpg -0.630784 -0.215409 -0.986924 -0.385575 1.47453e-05 0.891575 -0.237543
i0443.jpg -0.916957 0.0472397 0.0195748 0.928075 0.0441438 -0.361465 0.0779172
i0938.jpg 0.819741 -0.109015 -0.498718 0.337569 0.00885558 0.91323 -0.227992
i0545.jpg -3.86371 0.413217 1.23633 0.999608 0.0184919 -0.00997782 -0.0185166
i0875.jpg -8.87028 -0.66664 -3.71501 -0.296683 -0.00288716 0.929981 -0.217039
i0312.jpg -0.373627 -0.0542499 -0.00115403 0.8756 0.0135293 0.467664 -0.120128
i0697.jpg 0.235833 0.051603 1.77272 0.8967 0.0198256 -0.436726 0.0693254
i0313.jpg -0.373629 -0.0542518 -0.00113004 0.87559 0.0135094 0.467683 -0.120136
i0565.jpg -0.627348 -0.0888991 -0.891353 -0.381222 -0.00397127 0.901093 -0.206605
i0405.jpg -0.540516 -0.0871738 -1.03872 -0.331626 -0.0145021 0.923562 -0.191955
i0555.jpg -1.7433 0.0147395 0.364148 0.999493 0.0286638 -0.00586788 0.0125348
i0224.jpg 0.505625 -0.169939 -1.10094 0.0791608 -0.00460701 0.96586 -0.24663
i0864.jpg 5.81078 1.52463 7.27619 0.998698 0.0148855 0.0418682 -0.0250647
i0303.jpg -0.981684 -0.0879331 -0.557882 0.582978 0.0198256 -0.783641 0.213661
i0960.jpg 0.0792687 -0.392866 -1.4359 0.976544 0.0149116 0.205466 -0.0626389
i0879.jpg -6.73971 1.64014 6.55942 0.780903 0.00722679 -0.609332 0.137305
i0168.jpg -0.802005 -0.113286 -0.789631 -0.471367 -0.0315214 0.854884 -0.21446
i0191.jpg -0.547492 -0.148101 -0.978204 -0.343636 -0.0203453 0.910535 -0.228967
i0095.jpg 3.43533 -0.302884 -2.98944 0.986067 0.102954 0.125883 -0.0349985
i0037.jpg -0.0602799 0.0181039 -1.69893 0.866961 0.11718 0.480714 -0.0596723
i0693.jpg 0.507447 -0.33298 -1.17466 0.891641 0.0130201 0.436409 -0.11981
i1083.jpg 2.7565 -1.89269 -5.03298 0.946278 -0.0424416 -0.311197 0.076902
i0603.jpg -2.95991 0.549319 0.56352 0.969197 0.0271552 -0.242611 0.0325429
i1011.jpg -3.61915 0.494816 1.25777 0.510982 -0.0196336 0.821931 -0.250883
i0187.jpg 0.201193 0.00560915 -0.261322 0.322545 0.0388375 0.921017 -0.214904
i0694.jpg -0.257827 -0.27875 -1.8337 0.786822 0.0135231 0.599535 -0.145899
i0254.jpg -0.0822207 -0.21819 -1.2256 -0.103764 0.00714381 0.96273 -0.249667
i0438.jpg -0.673993 -0.0764911 -0.941772 -0.413453 -0.0192757 0.891107 -0.186046
i1155.jpg -9.80522 0.556946 2.00168 0.725154 -0.0274073 0.659217 -0.197065
i0358.jpg 0.133663 0.180023 2.95966 0.780091 0.0663774 0.607529 -0.13402
i0924.jpg 1.60915 -0.0360972 0.119938 0.983002 0.00831547 -0.180835 0.0306026
i1041.jpg -4.74094 0.406637 1.08435 0.605352 -0.0278659 0.759984 -0.234941
i0911.jpg 1.40186 -0.099944 -0.0837469 0.995412 0.0169526 0.0879601 -0.0336237
i0746.jpg 2.80534 0.319091 2.75009 0.999099 0.0127694 0.0209247 -0.0346358
i0478.jpg -0.918934 0.351198 1.98115 0.906433 0.0392685 0.408316 -0.100572
i0626.jpg -4.33217 1.39241 6.16887 0.955665 0.0159699 0.284604 -0.0738216
i0152.jpg -0.90019 -0.0815515 -0.697849 0.543784 0.0133227 -0.817269 0.190242
i0539.jpg 0.320996 0.15849 -0.057711 0.822358 0.0433072 0.55022 -0.138241
i0400.jpg 0.984319 -0.0249066 -0.337653 0.463908 0.0218045 0.864958 -0.190162
i0753.jpg 0.821595 0.34178 3.25032 0.936468 0.0359479 -0.346234 0.0430993
i0101.jpg -0.811654 -0.186938 -0.544225 -0.42844 0.0276603 0.843236 -0.323462
i0142.jpg -0.885081 -0.0579461 -0.583464 0.506919 0.0349984 -0.83672 0.204225
i1194.jpg 8.07303 -0.78159 -0.744149 0.635274 -0.122828 -0.701048 0.299788
i0946.jpg 1.53731 -0.0842864 -0.0957666 0.994163 0.0098048 -0.106646 0.0130417
i0261.jpg 0.598823 -0.140439 -0.850711 0.257737 -0.0096109 0.931124 -0.257851
i0632.jpg -1.31263 1.28551 5.45612 0.883445 0.013962 0.452552 -0.120529
i0049.jpg -1.09729 -0.2004 -2.96348 0.761942 0.0807018 0.634404 -0.102289
i0507.jpg -0.887379 0.288887 1.8923 0.939571 0.0538441 0.330362 -0.0718883
i0496.jpg -1.84817 0.255516 1.36066 0.981201 0.0418568 0.180556 -0.0537761
i1141.jpg 1.38991 2.03867 8.83911 0.019592 0.017902 0.958726 -0.283092
i1055.jpg 1.97448 -1.47617 -4.02142 0.965984 -0.0408707 -0.247902 0.0612286
i0918.jpg 1.20414 -0.19938 -0.499941 0.976117 0.0164545 0.206848 -0.0643256
i0596.jpg -0.841513 -0.0904512 -0.880051 0.514915 0.0192892 -0.835558 0.190612
i0222.jpg 0.948844 -0.0585891 -0.74116 0.327529 -0.0120946 0.915766 -0.232275
i0987.jpg -4.0428 -0.335636 -1.14618 0.787987 -0.0272404 0.58715 -0.183276
i1149.jpg 2.00582 -3.18386 -8.64827 0.969031 -0.0440133 -0.238132 0.0483126
i1004.jpg 1.00436 -1.18009 -3.36477 0.991109 -0.0360828 -0.125114 0.0273432
i0585.jpg -0.153787 -0.134531 -1.0722 -0.148432 -0.000822446 0.963251 -0.223863
i1084.jpg 2.77854 -1.89679 -5.06386 0.945904 -0.0418193 -0.312393 0.0769944
i0451.jpg -0.0600536 -0.0496297 0.473995 0.638423 0.0321979 0.748279 -0.177361
i0395.jpg 0.711817 -0.276219 -1.21217 0.963387 0.0366846 0.256654 -0.0683198
i0589.jpg -0.839942 -0.0526225 -0.701713 0.505364 0.00906906 -0.841017 0.192913
i0764.jpg 1.62226 -0.130082 0.186756 0.981367 0.0113601 -0.191774 -0.0035333
i0947.jpg 1.57906 -0.0690744 -0.028065 0.990616 0.00912272 -0.13498 0.0194427
i0002.jpg 1.02581 -0.0299209 0.62258 0.759068 0.121313 0.633337 -0.0893523
i0139.jpg -0.825296 -0.0893341 -0.661709 -0.465935 -0.0261239 0.85638 -0.220989
i0699.jpg 0.63618 -0.0682763 0.976893 0.880146 0.00694763 -0.468396 0.0768107
i0479.jpg -0.225032 0.337778 2.09692 0.827336 0.0330325 0.546033 -0.127565
i0262.jpg 0.372943 -0.178309 -1.00416 0.126472 -0.00239794 0.95656 -0.262662
i0739.jpg 1.31338 -0.234612 -2.65497 0.909642 0.00934367 0.382778 -0.161077
i0294.jpg -0.374036 -0.0218365 0.11397 0.767827 0.0181658 0.618123 -0.167438
i0399.jpg 1.08351 0.0148024 -0.014829 0.606447 0.0296477 0.774379 -0.177989
i0260.jpg 0.798554 -0.0862337 -0.650879 0.390402 -0.00909565 0.886716 -0.247462
i0397.jpg -0.376133 -0.344319 -1.78213 0.822916 0.0267209 0.552756 -0.128671
i0588.jpg -0.839757 -0.0399799 -0.700812 0.505658 0.00510909 -0.841547 0.189955
i0025.jpg 1.46659 -0.0906131 0.578772 0.927433 0.139076 -0.346207 0.0258037
i1152.jpg -7.45686 -2.09663 -6.3026 0.959677 -0.0339567 0.266739 -0.0819635
i0997.jpg 3.10431 0.0872447 0.964094 0.627195 -0.0299516 -0.751708 0.201652
i0839.jpg -1.27547 0.176982 6.68305 0.707645 0.0415579 -0.687326 0.158409
i0902.jpg 3.11335 0.367841 2.09696 0.995374 0.0146265 0.0874034 -0.0371168
i0865.jpg 7.66642 1.01317 5.34689 0.981394 0.0156357 0.181289 -0.0612866
i0401.jpg 0.750482 -0.0594146 -0.522451 0.294494 0.0138773 0.93482 -0.197971
i0517.jpg -0.0760685 0.164908 0.46929 0.875861 0.0416898 0.467168 -0.113511
i0553.jpg -2.14175 -0.173927 -0.630704 0.951283 0.0209636 -0.295668 0.0848611
i0504.jpg -2.94248 0.117146 0.398493 0.992369 0.0534794 -0.108832 0.0223247
i1043.jpg -2.98604 1.08264 3.11865 0.334386 -0.0182049 0.903235 -0.268367
i0310.jpg -0.302565 -0.104845 -0.207241 0.980542 0.0112999 0.189584 -0.0496736
i0607.jpg -3.41259 1.49664 6.66034 0.933398 0.0171906 0.34701 -0.0897574
i0666.jpg -0.995958 -0.274518 -0.624832 0.57603 0.00961 0.789684 -0.210942
i1018.jpg 2.89005 0.234505 1.41529 0.569005 -0.027546 -0.79328 0.214899
i0346.jpg 1.58607 -0.552202 -2.56936 0.960503 0.0427784 0.265736 -0.0706365
i0319.jpg -0.840859 -0.160047 -0.767662 0.502529 -0.0215611 -0.830153 0.24051
i0123.jpg -0.71157 -0.258044 -0.603649 -0.365574 0.0398682 0.856277 -0.362706
i0144.jpg -1.05823 0.100134 0.0335102 0.749455 0.0335756 -0.646032 0.140825
i0379.jpg -0.0275975 -0.0966212 -1.07511 -0.0593996 -0.00381131 0.977813 -0.200847
i0883.jpg -0.185432 2.1545 9.15424 0.95655 0.0105214 -0.284913 0.0610348
i0622.jpg -3.11878 0.447671 0.228146 0.958457 0.0275639 -0.280496 0.0438524
i0953.jpg 1.21111 -0.236008 -0.89345 0.991687 0.013982 -0.125985 0.0220983
i0275.jpg -0.403639 -0.217856 -1.13191 -0.26749 0.00794856 0.931763 -0.245364
i1156.jpg -9.62353 0.775094 2.69123 0.698598 -0.0268007 0.685098 -0.204655
